      -0.9999999207068176       0.0003982290275953       0.0000004069298073
      -0.9999978011754674       0.0020970560865878       0.0000049825605526
      -0.9999867462376543       0.0051485288218334       0.0000191818729983
      -0.9999544451393336       0.0095450325346443       0.0000483513725265
      -0.9998833349665009       0.0152746998748933       0.0000976375875832
      -0.9997508336473533       0.0223219761988524       0.0001719219228808
      -0.9995296350986760       0.0306677120031416       0.0002757617788158
      -0.9991880595777337       0.0402892243321123       0.0004133391894921
      -0.9986904512761292       0.0511603609240727       0.0005884178096124
      -0.9979976145379095       0.0632515721278314       0.0008043087306561
      -0.9970672797728407       0.0765299915483322       0.0010638452719680
      -0.9958545901465728       0.0909595255264747       0.0013693665854577
      -0.9943126004272487       0.1065009513178287       0.0017227096474446
      -0.9923927799060340       0.1231120237441246       0.0021252089973675
      -0.9900455120329665       0.1407475900446651       0.0025777034252616
      -0.9872205842630547       0.1593597126230871       0.0030805487081996
      -0.9838676625361170       0.1788977993596270       0.0036336354466191
      -0.9799367457681027       0.1993087411365110       0.0042364110481628
      -0.9753785966695255       0.2205370562036844       0.0048879049411779
      -0.9701451460948123       0.2425250409930392       0.0055867561634566
      -0.9641898689403493       0.2652129269715035       0.0063312425553354
      -0.9574681303327983       0.2885390431068481       0.0071193108818150
      -0.9499375014744872       0.3124399835046863       0.0079486073089220
      -0.9415580450372367       0.3368507797610938       0.0088165077594428
      -0.9322925704228214       0.3617050775623817       0.0097201477681427
      -0.9221068595438626       0.3869353170520303       0.0106564515436302
      -0.9109698640322902       0.4124729164745132       0.0116221600213199
      -0.8988538749638245       0.4382484585968527       0.0126138577585883
      -0.8857346663070221       0.4641918794011676       0.0136279985790876
      -0.8715916133748629       0.4902326585353158       0.0146609299187026
      -0.8564077875856378       0.5163000110039443       0.0157089158615995
      -0.8401700288370580       0.5423230795788956       0.0167681588822562
      -0.8228689967710364       0.5682311274059422       0.0178348203294072
      -0.8044992021632731       0.5939537302843185       0.0189050397016333
      -0.7850590196173469       0.6194209680963747       0.0199749527729881
      -0.7645506826820377       0.6445636148670122       0.0210407086315898
      -0.7429802624467882       0.6693133269362727       0.0220984856954307
      -0.7203576306063374       0.6936028287335797       0.0231445067685611
      -0.6966964079237032       0.7173660956486645       0.0241750531979402
      -0.6720138989623592       0.7405385335020779       0.0251864781871912
      -0.6463310139045692       0.7630571541274557       0.0261752193186661
      -0.6196721782240373       0.7848607465882576       0.0271378103300045
      -0.5920652309375168       0.8058900435635775       0.0280708921860049
      -0.5635413121218810       0.8260878824507407       0.0289712234813358
      -0.5341347403501622       0.8453993607467803       0.0298356902045496
      -0.5038828806720282       0.8637719852864288       0.0306613148891083
      -0.4728260037406448       0.8811558149309643       0.0314452651727801
      -0.4410071366685630       0.8975035963200345       0.0321848617828284
      -0.4084719061795723       0.9127708923174680       0.0328775859609336
      -0.3752683746111079       0.9269162028019238       0.0335210863387374
      -0.3414468693122596       0.9399010774740375       0.0341131852722892
      -0.3070598059752715       0.9516902203734304       0.0346518846414593
      -0.2721615064333143       0.9622515858214779       0.0351353711185651
      -0.2368080114538163       0.9715564655290444       0.0355620209089729
      -0.2010568890544916       0.9795795666324048       0.0359304039652876
      -0.1649670388680579       0.9862990804452292       0.0362392876758599
      -0.1285984930812119       0.9916967417397525       0.0364876400277236
      -0.0920122144735754       0.9957578783959827       0.0366746322436634
      -0.0552698920827113       0.9984714512839941       0.0367996408928886
      -0.0184337350219211       0.9998300842708933       0.0368622494747173
       0.0184337350219208       0.9998300842708933       0.0368622494747173
       0.0552698920827120       0.9984714512839941       0.0367996408928885
       0.0920122144735751       0.9957578783959827       0.0366746322436634
       0.1285984930812120       0.9916967417397525       0.0364876400277236
       0.1649670388680577       0.9862990804452292       0.0362392876758599
       0.2010568890544918       0.9795795666324046       0.0359304039652876
       0.2368080114538162       0.9715564655290444       0.0355620209089729
       0.2721615064333143       0.9622515858214779       0.0351353711185651
       0.3070598059752711       0.9516902203734305       0.0346518846414593
       0.3414468693122596       0.9399010774740375       0.0341131852722892
       0.3752683746111084       0.9269162028019237       0.0335210863387374
       0.4084719061795728       0.9127708923174678       0.0328775859609336
       0.4410071366685624       0.8975035963200347       0.0321848617828285
       0.4728260037406449       0.8811558149309642       0.0314452651727801
       0.5038828806720288       0.8637719852864285       0.0306613148891083
       0.5341347403501634       0.8453993607467796       0.0298356902045495
       0.5635413121218804       0.8260878824507411       0.0289712234813359
       0.5920652309375155       0.8058900435635785       0.0280708921860050
       0.6196721782240362       0.7848607465882583       0.0271378103300046
       0.6463310139045696       0.7630571541274553       0.0261752193186661
       0.6720138989623590       0.7405385335020780       0.0251864781871912
       0.6966964079237032       0.7173660956486645       0.0241750531979402
       0.7203576306063375       0.6936028287335796       0.0231445067685611
       0.7429802624467885       0.6693133269362723       0.0220984856954307
       0.7645506826820377       0.6445636148670122       0.0210407086315898
       0.7850590196173473       0.6194209680963744       0.0199749527729881
       0.8044992021632731       0.5939537302843185       0.0189050397016333
       0.8228689967710366       0.5682311274059418       0.0178348203294072
       0.8401700288370585       0.5423230795788948       0.0167681588822562
       0.8564077875856377       0.5163000110039445       0.0157089158615995
       0.8715916133748631       0.4902326585353154       0.0146609299187026
       0.8857346663070226       0.4641918794011668       0.0136279985790875
       0.8988538749638247       0.4382484585968522       0.0126138577585883
       0.9109698640322901       0.4124729164745135       0.0116221600213199
       0.9221068595438628       0.3869353170520298       0.0106564515436301
       0.9322925704228217       0.3617050775623811       0.0097201477681427
       0.9415580450372369       0.3368507797610932       0.0088165077594428
       0.9499375014744874       0.3124399835046857       0.0079486073089219
       0.9574681303327985       0.2885390431068474       0.0071193108818150
       0.9641898689403494       0.2652129269715031       0.0063312425553353
       0.9701451460948127       0.2425250409930374       0.0055867561634566
       0.9753785966695259       0.2205370562036829       0.0048879049411778
       0.9799367457681031       0.1993087411365094       0.0042364110481627
       0.9838676625361170       0.1788977993596270       0.0036336354466191
       0.9872205842630548       0.1593597126230864       0.0030805487081996
       0.9900455120329669       0.1407475900446628       0.0025777034252615
       0.9923927799060341       0.1231120237441237       0.0021252089973674
       0.9943126004272489       0.1065009513178267       0.0017227096474445
       0.9958545901465731       0.0909595255264723       0.0013693665854577
       0.9970672797728407       0.0765299915483322       0.0010638452719680
       0.9979976145379095       0.0632515721278314       0.0008043087306561
       0.9986904512761292       0.0511603609240727       0.0005884178096124
       0.9991880595777337       0.0402892243321123       0.0004133391894921
       0.9995296350986761       0.0306677120031380       0.0002757617788158
       0.9997508336473533       0.0223219761988524       0.0001719219228808
       0.9998833349665011       0.0152746998748860       0.0000976375875832
       0.9999544451393337       0.0095450325346327       0.0000483513725265
       0.9999867462376543       0.0051485288218334       0.0000191818729983
       0.9999978011754674       0.0020970560865878       0.0000049825605526
       0.9999999207068176       0.0003982290275953       0.0000004069298073
