       0.0005864575228201       0.0000000003387621
       0.0019659937914691       0.0000000068565179
       0.0041342360169799       0.0000000437985271
       0.0070910498473577       0.0000001685033800
       0.0108364510707621       0.0000004861206027
       0.0153704887389756       0.0000011643385104
       0.0206932293242025       0.0000024481254996
       0.0268047531713981       0.0000046744879545
       0.0337051534451836       0.0000082872479453
       0.0413945357558665       0.0000138518439055
       0.0498730180108013       0.0000220701574817
       0.0591407303523062       0.0000337953697604
       0.0691978151329463       0.0000500468500864
       0.0800444269086728       0.0000720250806997
       0.0916807324413456       0.0001011266204316
       0.1041069107066843       0.0001389591107132
       0.1173231529056868       0.0001873563271688
       0.1313296624784882       0.0002483932800787
       0.1461266551201001       0.0003244013670194
       0.1617143587977152       0.0004179835810038
       0.1780930137693952       0.0005320297774685
       0.1952628726040274       0.0006697320034738
       0.2132242002024923       0.0008345998925089
       0.2319772738199815       0.0010304761283153
       0.2515223830894700       0.0012615519811713
       0.2718598300463052       0.0015323829201036
       0.2929899291539107       0.0018479043045242
       0.3149130073306064       0.0022134471588186
       0.3376294039775326       0.0026347540334413
       0.3611394710077039       0.0031179949561122
       0.3854435728761595       0.0036697834767344
       0.4105420866112436       0.0042971928096964
       0.4364354018470092       0.0050077720772529
       0.4631239208567519       0.0058095626577220
       0.4906080585876795       0.0067111146422716
       0.5188882426967180       0.0077215034041123
       0.5479649135874797       0.0088503462839575
       0.5778385244483824       0.0101078193956540
       0.6085095412919258       0.0115046745559324
       0.6399784429951558       0.0130522563422788
       0.6722457213412946       0.0147625192829714
       0.7053118810625721       0.0166480451833847
       0.7391774398842527       0.0187220605927112
       0.7738429285698694       0.0209984544153073
       0.8093088909676699       0.0234917956709270
       0.8455758840583064       0.0262173514081646
       0.8826444780037441       0.0291911047754882
       0.9205152561974324       0.0324297732543075
       0.9591888153157270       0.0359508270585820
       0.9986657653705870       0.0397725077055472
       1.0389467297635533       0.0439138467621962
       1.0800323453410152       0.0483946847722310
       1.1219232624507893       0.0532356903682668
       1.1646201450000095       0.0584583795741466
       1.2081236705143525       0.0640851353023043
       1.2524345301986104       0.0701392270511858
       1.2975534289986062       0.0766448308078274
       1.3434810856644979       0.0836270491607630
       1.3902182328154484       0.0911119316285351
       1.4377656170057120       0.0991264952091515
       1.4861239987921218       0.1076987451559358
       1.5352941528030168       0.1168576959853150
       1.5852768678086002       0.1266333927221629
       1.6360729467927722       0.1370569323884439
       1.6876832070264269       0.1481604857409918
       1.7401084801422513       0.1599773192643413
       1.7933496122110297       0.1725418174246966
       1.8474074638194773       0.1858895051911489
       1.9022829101496206       0.2000570708304450
       1.9579768410597393       0.2150823889816817
       2.0144901611668917       0.2310045440174221
       2.0718237899310412       0.2478638536978889
       2.1299786617408016       0.2657018931249631
       2.1889557260008368       0.2845615190028860
       2.2487559472209009       0.3044868942126880
       2.3093803051065787       0.3255235127075032
       2.3708297946517178       0.3477182247360343
       2.4331054262326042       0.3711192624016789
       2.4962082257038660       0.3957762655648300
       2.5601392344961584       0.4217403080961498
       2.6248995097156529       0.4490639244887099
       2.6904901242453212       0.4778011368370333
       2.7569121668480956       0.5080074821913079
       2.8241667422718622       0.5397400402951347
       2.8922549713563828       0.5730574617154207
       2.9611779911421134       0.6080199963731486
       3.0309369549809801       0.6446895224839383
       3.1015330326491215       0.6831295759176146
       3.1729674104616494       0.7234053799860173
       3.2452412913894371       0.7655838756686143
       3.3183558951779473       0.8097337522856610
       3.3923124584681759       0.8559254786288313
       3.4671122349197279       0.9042313345595107
       3.5427564953360000       0.9547254430850768
       3.6192465277915824       1.0074838029238433
       3.6965836377618868       1.0625843215695154
       3.7747691482550048       1.1201068488661996
       3.8538043999458540       1.1801332111053309
       3.9336907513126431       1.2427472456562039
       4.0144295787757214       1.3080348361418179
       4.0960222768387800       1.3760839481723079
       4.1784702582325064       1.4469846656482745
       4.2617749540607175       1.5208292276468054
       4.3459378139489697       1.5977120659031112
       4.4309603061957406       1.6777298429010956
       4.5168439179262023       1.7609814905865004
       4.6035901552486056       1.8475682497164911
       4.6912005434133572       1.9375937098600260
       4.7796766269747977       2.0311638500635469
       4.8690199699557466       2.1283870801969025
       4.9592321560148749       2.2293742829949701
       5.0503147886168955       2.3342388568104266
       5.1422694912056910       2.4430967590939505
       5.2350979073803625       2.5560665506180689
       5.3288017010743047       2.6732694404617559
       5.4233825567373231       2.7948293317727275
       5.5188421795208473       2.9208728683255201
       5.6151822954663206       3.0515294818929486
       5.7124046516967946       3.1869314404501559
       5.8105110166117937       3.3272138972297309
       5.9095031800854931       3.4725149406476099
       6.0093829536683092       3.6229756451199924
       6.1101521707919266       3.7787401227914481
       6.2118126869778072       3.9399555761953131
       6.3143663800493055       4.1067723518682442
       6.4178151503474083       4.2793439949406862
       6.5221609209501592       4.4578273047260684
       6.6274056378958548       4.6423823913320907
       6.7335512704101053       4.8331727333181460
       6.8405998111367605       5.0303652364225986
       6.9485532763728539       5.2341302933864204
       7.0574137063075932       5.4446418448975766
       7.1671831652654516       5.6620774416837776
       7.2778637419535004       5.8866183077798979
       7.3894575497130175       6.1184494049987235
       7.5019667267754571       6.3577594986333894
       7.6153934365228944       6.6047412244206649
       7.7297398677529827       6.8595911567958563
       7.8450082349485530       7.1225098784700149
       7.9612007785519214       7.3937020513615623
       8.0783197652439949       7.6733764889145979
       8.1963674882283009       7.9617462298384956
       8.3153462675200025       8.2590286133024691
       8.4352584502399868       8.5654453556210175
       8.5561064109142286       8.8812226284670412
       8.6778925517783332       9.2065911386495749
       8.8006193030876005       9.5417862094953616
       8.9242891234325423       9.8870478638735673
       9.0489045000600559      10.2426209089047937
       9.1744679492003325      10.6087550223956857
       9.3009820163996171      10.9857048410432974
       9.4284492768589736      11.3737300504527408
       9.5568723357791274      11.7730954770143068
       9.6862538287115623      12.1840711816868428
       9.8165964219159871      12.6069325557356322
       9.9479028127242408      13.0419604184750231
      10.0801757299109109      13.4894411170664945
      10.2134179340706588      13.9496666284248381
      10.3476322180024916      14.4229346632875366
      10.4828214071011221      14.9095487725023350
      10.6189883597554715      15.4098184555907594
      10.7561359677546200      15.9240592716471117
      10.8942671567012574      16.4525929526337968
      11.0333848864328132      16.9957475191359073
      11.1734921514504872      17.5538573986396571
      11.3145919813562781      18.1272635464018208
      11.4566874412982589      18.7163135689781051
      11.5997816324242571      19.3213618504830080
      11.7438776923440482      19.9427696816518392
      11.8889787956004120      20.5809053917824407
      12.0350881541491468      21.2361444836330584
      12.1822090178481890      21.9088697713568088
      12.3303446749562138      22.5994715215548823
      12.4794984526408008      23.3083475975353984
      12.6296737174963809      24.0359036068623020
      12.7808738760722864      24.7825530522888791
      12.9331023754110799      25.5487174861677637
      13.0863627035973700      26.3348266684327044
      13.2406583903173996      27.1413187282539532
      13.3959930074296807      27.9686403294687977
      13.5523701695468866      28.8172468398948745
      13.7097935346293109      29.6876025046338690
      13.8682668045901689      30.5801806234804303
      14.0277937259128809      31.4954637325530022
      14.1883780902809686      32.4339437902680459
      14.3500237352204980      33.3961223677808974
      14.5127345447555545      34.3825108440244875
      14.6765144500770859      35.3936306054768650
      14.8413674302253611      36.4300132507989574
      15.0072975127864900      37.4922008004816405
      15.1743087746031691      38.5807459116504177
      15.3424053425003013      39.6962120981839135
      15.5115913940254213      40.8391739562961078
      15.6818711582049346      42.0102173957562997
      15.8532489163157742      43.2099398769024958
      16.0257290026736889      44.4389506536372778
      16.1993158054379300      45.6978710225737643
      16.3740137674331514      46.9873345785298255
      16.5498273869888344      48.3079874765566046
      16.7267612187965682      49.6604887007044269
      16.9048198747860106      51.0455103397392946
      17.0840080250196102      52.4637378700155566
      17.2643303986068837      53.9158704457362674
      17.4457917846385300      55.4026211968280791
      17.6283970331411872      56.9247175346741585
      17.8121510560530893      58.4829014659467461
      17.9970588282214372      60.0779299148081734
      18.1831253884219315      61.7105750537340754
      18.3703558404010785      63.3816246432487489
      18.5587553539419510      65.0918823808519136
      18.7483291659540114      66.8421682594372442
      18.9390825815877086      68.6333189355152768
      19.1310209753744367      70.4661881075569454
      19.3241497923926921      72.3416469047987363
      19.5184745494611107      74.2605842868485553
      19.7140008363590447      76.2239074544544906
      19.9107343170757183      78.2325422718179624
      20.1086807310885121      80.2874337008255736
      20.3078458946714164      82.3895462476192364
      20.5082357022342805      84.5398644219108917
      20.7098561276941844      86.7393932094882132
      20.9127132258792905      88.9891585583592786
      21.1168131339666552      91.2902078790117883
      21.3221620729548142      93.6436105592794377
      21.5287663491720167      96.0504584943201962
      21.7366323558213779      98.5118666322447893
      21.9457665745640824     101.0289735359489356
      22.1561755771416529     103.6029419617252074
      22.3678660270385095     106.2349594552539287
      22.5808446811861288     108.9262389656019678
      22.7951183917101652     111.6780194778833533
      23.0106941077214273     114.4915666652541404
      23.2275788771527125     117.3681735609611962
      23.4457798486426228     120.3091612511816493
      23.6653042734674628     123.3158795894082687
      23.8861595075237432     126.3897079332215014
      24.1083530133617998     129.5320559042468460
      24.3318923622729777     132.7443641722048540
      24.5567852364316543     136.0281052639558084
      24.7830394310941706     139.3847843984948440
      25.0106628568564098     142.8159403489066221
      25.2396635419719111     146.3231463323113530
      25.4700496347326713     149.9080109288972267
      25.7018294059146122     153.5721790311957875
      25.9350112512898967     157.3173328247566758
      26.1696036942086181     161.1451928015207500
      26.4056153882516682     165.0575188071489094
      26.6430551199579000     169.0561111237120144
      26.8819318116275525     173.1428115891496873
      27.1222545242050046     177.3195047550112804
      27.3640324602435463     181.5881190840475199
      27.6072749669549715     185.9506281893004598
      27.8519915393467556     190.4090521164040410
      28.0981918234507830     194.9654586709430646
      28.3458856196459408     199.6219647927304663
      28.5950828860785471     204.3807379790115135
      28.8457937421840533     209.2439977586971906
      29.0980284723137217     214.2140172198151049
      29.3517975294702183     219.2931245924771986
      29.6071115391560724     224.4837048898145326
      29.8639813033394006     229.7882016094018525
      30.1224178045411364     235.2091184978671947
      30.3824322100486839     240.7490213815108859
      30.6440358762603147     246.4105400658830263
      30.9072403531660989     252.1963703074646048
      31.1720573889701100     258.1092758607283599
      31.4384989348595418     264.1520906040422005
      31.7065771499268081     270.3277207480816742
      31.9763044062505237     276.6391471305906862
      32.2476932941416266     283.0894276015447417
      32.5207566275615605     289.6816995030161479
      32.7955074497193806     296.4191822482553675
      33.0719590388554536     303.3051800047648499
      33.3501249142186396     310.3430844864046207
      33.6300188422460380     317.5363778598681392
      33.9116548429534177     324.8886357711684241
      34.1950471965448699     332.4035304980843080
      34.4802104502515689     340.0848342348800202
      34.7671594254096021     347.9364225160030628
      35.0559092247866744     355.9622777858002678
      35.3464752401689992     364.1664931217583785
      35.6388731602199726     372.5532761192549174
      35.9331189786224527     381.1269529462036871
      36.2292290025172790     389.8919725765758812
      36.5272198612524832     398.8529112122960214
      36.8271085154554569     408.0144769035827039
      37.1289122664451412     417.3815143785215014
      37.4326487659985716     426.9590100931979464
      37.7383360264888310     436.7520975146113074
      38.0459924314125217     446.7660626492582878
      38.3556367463241799     457.0063498311200760
      38.6672881301990046     467.4785677838187894
      38.9809661472427891     478.1884959725004478
      39.2966907791726072     489.1420912621481421
      39.6144824379909153     500.3454949002430112
      39.9343619792777815     511.8050398427111531
      40.2563507160276473     523.5272584435272165
      40.5804704330580108     535.5188905298272175
      40.9067434020206662     547.7868918857554945
      41.2351923970448269     560.3384431700142159
      41.5658407110475494     573.1809592939154072
      41.8987121727455474     586.3220992885705982
      42.2338311644063751     599.7697766920310869
      42.5712226403793750     613.5321704894741970
      42.9109121464484033     627.6177366418946804
      43.2529258400525265     642.0352202416024738
      43.5972905114231111     656.7936683356434742
      43.9440336056884320     671.9024434614157144
      44.2931832460025916     687.3712379423732273
      44.6447682577557359     703.2100889951510680
      44.9988181939311858     719.4293947040142712
      45.3553633616752307     736.0399309225491606
      45.7144348501533031     753.0528691678198356
      46.0760645597699536     770.4797955772478417
      46.4402852328351514     788.3327310046362300
      46.8071304857678427     806.6241523380004992
      47.1766348429321383     825.3670151290554031
      47.5488337722093704     844.5747776319127524
      47.9237637224178528     864.2614263571751962
      48.3014621626997851     884.4415032568473407
      48.6819676240049901     905.1301346661651905
      49.0653197428106083     926.3430621394966238
      49.4515593072277824     948.0966753305403927
      49.8407283056579544     970.4080470806444509
      50.2328699781752519     993.2949708949731757
      50.6280288708261921    1016.7760010030315243
      51.0262508930532803    1040.8704952195323585
      51.4275833784687038    1065.5986608426965176
      51.8320751492200813    1090.9816038505507549
      52.2397765842178998    1117.0413816826803668
      52.6507396915100401    1143.8010599236829421
      53.0650181851236624    1171.2847732383743278
      53.4826675667158469    1199.5177909450185325
      53.9037452124123675    1228.5265876549203767
      54.3283104652463749    1258.3389194528631378
      54.7564247336503556    1288.9839061459967979
      55.1881515964972778    1320.4921201674367239
      55.6235569152373728    1352.8956827881688696
      56.0627089537312031    1386.2283683667212699
      56.5056785064418392    1420.5257174517114436
      56.9525390357180754    1455.8251596507218437
      57.4033668189755844    1492.1661472897599197
      57.8582411066748890    1529.5903010151403123
      58.3172442920866345    1568.1415686347411338
      58.7804620939530906    1607.8663986625770121
      59.2479837532719387    1648.8139302218896773
      59.7199022455778135    1691.0362011831127802
      60.1963145102539769    1734.5883766675992774
      60.6773216985912569    1779.5290003429934131
      61.1630294425254135    1825.9202712795640764
      61.6535481462159325    1873.8283495342088827
      62.1489933029168071    1923.3236940961546679
      62.6494858398951919    1974.4814373721781067
      63.1551524945305118    2027.3818010308241355
      63.6661262251415465    2082.1105587791194012
      64.1825466605880592    2138.7595525385945621
      64.7045605932609220    2197.4272695461049807
      65.2323225207436082    2258.2194891663575618
      65.7659952422149985    2321.2500097120969258
      66.3057505165771914    2386.6414673765762018
      66.8517697903880048    2454.5262615666883903
      67.4042450049564508    2525.0476035656956810
      67.9633794934974702    2598.3607086674091988
      68.5293889810725432    2674.6341558506478577
      69.1025027022308933    2754.0514438835853070
      69.6829646539291190    2836.8127787045009427
      70.2710350044956158    2923.1371343163555139
      70.8669916833341063    3013.2646386708092905
      71.4711321808270839    3107.4593476220816228
      72.0837755938051714    3206.0124847174929528
      72.7052649592516644    3309.2462432999623161
      73.3359699280194661    3417.5182714097777534
      73.9762898417846770    3531.2269910342265575
      74.6266572909531902    3650.8179437777484964
      75.2875422496996691    3776.7914083554182980
      75.9594569080979767    3909.7116061941160297
      76.6429613521283812    4050.2179065783475380
      77.3386702827983044    4199.0385719630248786
      78.0472610191338987    4357.0077615317659365
      78.7694831015414252    4525.0867580324284063
      79.5061699092970144    4704.3907314031221176
      80.2582528396001607    4896.2228519966347449
      81.0267787820586705    5102.1182935845190514
      81.8129318866601949    5323.9017454809945775
      82.6180610043775943    5563.7636867825158333
      83.4437147401096126    5824.3632046448701658
      84.2916869004642280    6108.9691520984761155
      85.1640764174703691    6421.6579914930271116
      86.0633678864228528    6767.5977048298509544
      86.9925422193827558    7153.4664262844144105
      87.9552326186973232    7588.0895487000516368
      88.9559511633635367    8083.4461476876103916
      90.0004300643590938    8656.3314194217000477
      91.0961587063412139    9331.2566534024972498
      92.2532764033154251   10145.8650742579065991
      93.4861647236237019   11161.9767585600293387
      94.8165680263792439   12490.9466906103843939
      96.2805821123405536   14362.6497783199320111
      97.9479142135002405   17371.0198634977205074
     100.0000000000000000   23949.6376100660927477
