  0.80802735E-03  -0.59920184E+01  -0.59920177E+01  -0.59920184E+01
  0.42574130E-02  -0.59576640E+01  -0.59576629E+01  -0.59576640E+01
  0.10462980E-01  -0.58948902E+01  -0.58949013E+01  -0.58948902E+01
  0.19425862E-01  -0.58026883E+01  -0.58027464E+01  -0.58026883E+01
  0.31145875E-01  -0.56808323E+01  -0.56809971E+01  -0.56808323E+01
  0.45622597E-01  -0.55306233E+01  -0.55309732E+01  -0.55306233E+01
  0.62855471E-01  -0.53552562E+01  -0.53558754E+01  -0.53552562E+01
  0.82843825E-01  -0.51596624E+01  -0.51606279E+01  -0.51596624E+01
  0.10558687E+00  -0.49498870E+01  -0.49512573E+01  -0.49498870E+01
  0.13108372E+00  -0.47322118E+01  -0.47340111E+01  -0.47322118E+01
  0.15933336E+00  -0.45122906E+01  -0.45144804E+01  -0.45122906E+01
  0.19033469E+00  -0.42945163E+01  -0.42969559E+01  -0.42945163E+01
  0.22408647E+00  -0.40817302E+01  -0.40841503E+01  -0.40817302E+01
  0.26058739E+00  -0.38753016E+01  -0.38773081E+01  -0.38753016E+01
  0.29983601E+00  -0.36755784E+01  -0.36766296E+01  -0.36755784E+01
  0.34183077E+00  -0.34826902E+01  -0.34818852E+01  -0.34826902E+01
  0.38657002E+00  -0.32975850E+01  -0.32930547E+01  -0.32975850E+01
  0.43405201E+00  -0.31228495E+01  -0.31107942E+01  -0.31228495E+01
  0.48427485E+00  -0.29622515E+01  -0.29364879E+01  -0.29622515E+01
  0.53723658E+00  -0.28183593E+01  -0.27717175E+01  -0.28183593E+01
  0.59293510E+00  -0.26908074E+01  -0.26173651E+01  -0.26908074E+01
  0.65136822E+00  -0.25787859E+01  -0.24730414E+01  -0.25787859E+01
  0.71253364E+00  -0.24855894E+01  -0.23373533E+01  -0.24855894E+01
  0.77642895E+00  -0.24199087E+01  -0.22086748E+01  -0.24199087E+01
  0.84305162E+00  -0.23922054E+01  -0.20857501E+01  -0.23922054E+01
  0.91239905E+00  -0.24095210E+01  -0.19678767E+01  -0.24095210E+01
  0.98446848E+00  -0.24755191E+01  -0.18548122E+01  -0.24755191E+01
  0.10592571E+01  -0.26000999E+01  -0.17465981E+01  -0.26000999E+01
  0.11367619E+01  -0.28118297E+01  -0.16434037E+01  -0.28118297E+01
  0.12169799E+01  -0.31620098E+01  -0.15454171E+01  -0.31620098E+01
  0.12999080E+01  -0.37171229E+01  -0.14527745E+01  -0.37171229E+01
  0.13855427E+01  -0.45460194E+01  -0.13655163E+01  -0.45460194E+01
  0.14738809E+01  -0.57489070E+01  -0.12835725E+01  -0.57489070E+01
  0.15649189E+01  -0.75344052E+01  -0.12067790E+01  -0.75344052E+01
  0.16586533E+01  -0.10267323E+02  -0.11349109E+01  -0.10267323E+02
  0.17550802E+01  -0.14686203E+02  -0.10676997E+01  -0.14686203E+02
  0.18541960E+01  -0.22615522E+02  -0.10048191E+01  -0.22615522E+02
  0.19559966E+01  -0.38727857E+02  -0.94587998E+00  -0.38727857E+02
  0.20604782E+01  -0.80528457E+02  -0.89050069E+00  -0.80528457E+02
  0.21676365E+01  -0.31654162E+03  -0.83840764E+00  -0.31654162E+03
  0.22774674E+01  -0.21188266E+03  -0.78941717E+00  -0.21188266E+03
  0.23899666E+01  -0.72499991E+02  -0.74330125E+00  -0.72499991E+02
  0.25051295E+01  -0.39285704E+02  -0.69969188E+00  -0.39285704E+02
  0.26229517E+01  -0.24698360E+02  -0.65818336E+00  -0.24698360E+02
  0.27434285E+01  -0.17097221E+02  -0.61860067E+00  -0.17097221E+02
  0.28665552E+01  -0.12337483E+02  -0.58095595E+00  -0.12337483E+02
  0.29923269E+01  -0.90936816E+01  -0.54515292E+00  -0.90936816E+01
  0.31207387E+01  -0.69582830E+01  -0.51095716E+00  -0.69582830E+01
  0.32517854E+01  -0.52802855E+01  -0.47825425E+00  -0.52802855E+01
  0.33854621E+01  -0.41343869E+01  -0.44710600E+00  -0.41343869E+01
  0.35217633E+01  -0.33396055E+01  -0.41748861E+00  -0.33396055E+01
  0.36606837E+01  -0.27381278E+01  -0.38925222E+00  -0.27381278E+01
  0.38022178E+01  -0.21715278E+01  -0.36236220E+00  -0.21715278E+01
  0.39463601E+01  -0.18057343E+01  -0.33690104E+00  -0.18057343E+01
  0.40931048E+01  -0.15934514E+01  -0.31282769E+00  -0.15934514E+01
  0.42424463E+01  -0.13308888E+01  -0.29002358E+00  -0.13308888E+01
  0.43943786E+01  -0.11144899E+01  -0.26850608E+00  -0.11144899E+01
  0.45488957E+01  -0.97945715E+00  -0.24831582E+00  -0.97945715E+00
  0.47059915E+01  -0.90209734E+00  -0.22935674E+00  -0.90209734E+00
  0.48656599E+01  -0.74084739E+00  -0.21155379E+00  -0.74084739E+00
  0.50278945E+01  -0.65003797E+00  -0.19494181E+00  -0.65003797E+00
  0.51926890E+01  -0.61210976E+00  -0.17947866E+00  -0.61210976E+00
  0.53600369E+01  -0.51992279E+00  -0.16505492E+00  -0.51992279E+00
  0.55299316E+01  -0.44729318E+00  -0.15165852E+00  -0.44729318E+00
  0.57023663E+01  -0.40947160E+00  -0.13927930E+00  -0.40947160E+00
  0.58773343E+01  -0.36819395E+00  -0.12781778E+00  -0.36819395E+00
  0.60548288E+01  -0.30519162E+00  -0.11722272E+00  -0.30519162E+00
  0.62348426E+01  -0.27133473E+00  -0.10748954E+00  -0.27133473E+00
  0.64173688E+01  -0.25253271E+00  -0.98541276E-01  -0.25253271E+00
  0.66024000E+01  -0.20240621E+00  -0.90309723E-01  -0.20240621E+00
  0.67899291E+01  -0.17551021E+00  -0.82783889E-01  -0.17551021E+00
  0.69799487E+01  -0.16459159E+00  -0.75905541E-01  -0.16459159E+00
  0.71724512E+01  -0.12794130E+00  -0.69605704E-01  -0.12794130E+00
  0.73674290E+01  -0.10779331E+00  -0.63866978E-01  -0.10779331E+00
  0.75648746E+01  -0.10035726E+00  -0.58643586E-01  -0.10035726E+00
  0.77647801E+01  -0.74753081E-01  -0.53873447E-01  -0.74753081E-01
  0.79671376E+01  -0.60430713E-01  -0.49536919E-01  -0.60430713E-01
  0.81719391E+01  -0.55490673E-01  -0.45597229E-01  -0.55490673E-01
  0.83791767E+01  -0.37935913E-01  -0.42002826E-01  -0.37935913E-01
  0.85888420E+01  -0.28303252E-01  -0.38737058E-01  -0.28303252E-01
  0.88009270E+01  -0.25383913E-01  -0.35772829E-01  -0.25383913E-01
  0.90154231E+01  -0.13431305E-01  -0.33072748E-01  -0.13431305E-01
  0.92323221E+01  -0.72929916E-02  -0.30627178E-01  -0.72929916E-02
  0.94516152E+01  -0.58828099E-02  -0.28416280E-01  -0.58828099E-02
  0.96732939E+01   0.21200446E-02  -0.26410711E-01   0.21200446E-02
  0.98973494E+01   0.58023668E-02  -0.24600217E-01   0.58023668E-02
  0.10123773E+02   0.62140589E-02  -0.22964564E-01   0.62140589E-02
  0.10352556E+02   0.11299972E-01  -0.21479155E-01   0.11299972E-01
  0.10583688E+02   0.13340287E-01  -0.20134925E-01   0.13340287E-01
  0.10817162E+02   0.13252137E-01  -0.18914810E-01   0.13252137E-01
  0.11052967E+02   0.16139508E-01  -0.17801550E-01   0.16139508E-01
  0.11291095E+02   0.17116181E-01  -0.16788913E-01   0.17116181E-01
  0.11531536E+02   0.16955470E-01  -0.15863591E-01   0.16955470E-01
  0.11774281E+02   0.18245241E-01  -0.15014502E-01   0.18245241E-01
  0.12019320E+02   0.18497350E-01  -0.14237307E-01   0.18497350E-01
  0.12266643E+02   0.18513180E-01  -0.13521770E-01   0.18513180E-01
  0.12516241E+02   0.18763272E-01  -0.12861266E-01   0.18763272E-01
  0.12768103E+02   0.18486079E-01  -0.12252460E-01   0.18486079E-01
  0.13022221E+02   0.18690766E-01  -0.11687639E-01   0.18690766E-01
  0.13278583E+02   0.18405284E-01  -0.11163154E-01   0.18405284E-01
  0.13537181E+02   0.17774763E-01  -0.10676167E-01   0.17774763E-01
  0.13798002E+02   0.17983474E-01  -0.10221087E-01   0.17983474E-01
  0.14061038E+02   0.17558139E-01  -0.97960710E-02   0.17558139E-01
  0.14326279E+02   0.16772149E-01  -0.93985687E-02   0.16772149E-01
  0.14593712E+02   0.16768938E-01  -0.90247582E-02   0.16768938E-01
  0.14863329E+02   0.16413441E-01  -0.86737378E-02   0.16413441E-01
  0.15135118E+02   0.15667885E-01  -0.83432214E-02   0.15667885E-01
  0.15409068E+02   0.15394556E-01  -0.80307941E-02   0.15394556E-01
  0.15685170E+02   0.15081739E-01  -0.77359295E-02   0.15081739E-01
  0.15963411E+02   0.14533325E-01  -0.74566583E-02   0.14533325E-01
  0.16243782E+02   0.14083693E-01  -0.71915967E-02   0.14083693E-01
  0.16526270E+02   0.13715931E-01  -0.69402897E-02   0.13715931E-01
  0.16810865E+02   0.13391843E-01  -0.67011362E-02   0.13391843E-01
  0.17097556E+02   0.12892182E-01  -0.64734273E-02   0.12892182E-01
  0.17386331E+02   0.12468539E-01  -0.62566681E-02   0.12468539E-01
  0.17677180E+02   0.12232609E-01  -0.60496377E-02   0.12232609E-01
  0.17970089E+02   0.11806936E-01  -0.58520052E-02   0.11806936E-01
  0.18265049E+02   0.11369504E-01  -0.56632361E-02   0.11369504E-01
  0.18562047E+02   0.11096561E-01  -0.54824589E-02   0.11096561E-01
  0.18861071E+02   0.10805787E-01  -0.53095073E-02   0.10805787E-01
  0.19162111E+02   0.10393715E-01  -0.51438496E-02   0.10393715E-01
  0.19465153E+02   0.10092471E-01  -0.49849037E-02   0.10092471E-01
  0.19770186E+02   0.98464159E-02  -0.48325402E-02   0.98464159E-02
  0.20077199E+02  -0.10000000E+01  -0.10000000E+01  -0.10000000E+01
  0.20386178E+02  -0.10000000E+01  -0.10000000E+01  -0.10000000E+01
  0.20697112E+02  -0.10000000E+01  -0.10000000E+01  -0.10000000E+01
  0.21009989E+02  -0.10000000E+01  -0.10000000E+01  -0.10000000E+01
  0.21324796E+02  -0.10000000E+01  -0.10000000E+01  -0.10000000E+01
  0.21641520E+02  -0.10000000E+01  -0.10000000E+01  -0.10000000E+01
  0.21960150E+02  -0.10000000E+01  -0.10000000E+01  -0.10000000E+01
  0.22280673E+02  -0.10000000E+01  -0.10000000E+01  -0.10000000E+01
  0.22603076E+02  -0.10000000E+01  -0.10000000E+01  -0.10000000E+01
  0.22927346E+02  -0.10000000E+01  -0.10000000E+01  -0.10000000E+01
  0.23253471E+02  -0.10000000E+01  -0.10000000E+01  -0.10000000E+01
  0.23581437E+02  -0.10000000E+01  -0.10000000E+01  -0.10000000E+01
  0.23911233E+02  -0.10000000E+01  -0.10000000E+01  -0.10000000E+01
  0.24242844E+02  -0.10000000E+01  -0.10000000E+01  -0.10000000E+01
  0.24576258E+02  -0.10000000E+01  -0.10000000E+01  -0.10000000E+01
  0.24911462E+02  -0.10000000E+01  -0.10000000E+01  -0.10000000E+01
  0.25248442E+02  -0.10000000E+01  -0.10000000E+01  -0.10000000E+01
  0.25587185E+02  -0.10000000E+01  -0.10000000E+01  -0.10000000E+01
  0.25927679E+02  -0.10000000E+01  -0.10000000E+01  -0.10000000E+01
  0.26269908E+02  -0.10000000E+01  -0.10000000E+01  -0.10000000E+01
  0.26613861E+02  -0.10000000E+01  -0.10000000E+01  -0.10000000E+01
  0.26959523E+02  -0.10000000E+01  -0.10000000E+01  -0.10000000E+01
  0.27306881E+02  -0.10000000E+01  -0.10000000E+01  -0.10000000E+01
  0.27655921E+02  -0.10000000E+01  -0.10000000E+01  -0.10000000E+01
  0.28006629E+02  -0.10000000E+01  -0.10000000E+01  -0.10000000E+01
  0.28358992E+02  -0.10000000E+01  -0.10000000E+01  -0.10000000E+01
  0.28712995E+02  -0.10000000E+01  -0.10000000E+01  -0.10000000E+01
  0.29068625E+02  -0.10000000E+01  -0.10000000E+01  -0.10000000E+01
  0.29425868E+02  -0.10000000E+01  -0.10000000E+01  -0.10000000E+01
  0.29784709E+02  -0.10000000E+01  -0.10000000E+01  -0.10000000E+01
  0.30145135E+02  -0.10000000E+01  -0.10000000E+01  -0.10000000E+01
  0.30507131E+02  -0.10000000E+01  -0.10000000E+01  -0.10000000E+01
  0.30870683E+02  -0.10000000E+01  -0.10000000E+01  -0.10000000E+01
  0.31235777E+02  -0.10000000E+01  -0.10000000E+01  -0.10000000E+01
  0.31602398E+02  -0.10000000E+01  -0.10000000E+01  -0.10000000E+01
  0.31970532E+02  -0.10000000E+01  -0.10000000E+01  -0.10000000E+01
  0.32340164E+02  -0.10000000E+01  -0.10000000E+01  -0.10000000E+01
  0.32711280E+02  -0.10000000E+01  -0.10000000E+01  -0.10000000E+01
  0.33083865E+02  -0.10000000E+01  -0.10000000E+01  -0.10000000E+01
  0.33457905E+02  -0.10000000E+01  -0.10000000E+01  -0.10000000E+01
  0.33833384E+02  -0.10000000E+01  -0.10000000E+01  -0.10000000E+01
  0.34210289E+02  -0.10000000E+01  -0.10000000E+01  -0.10000000E+01
  0.34588603E+02  -0.10000000E+01  -0.10000000E+01  -0.10000000E+01
  0.34968312E+02  -0.10000000E+01  -0.10000000E+01  -0.10000000E+01
  0.35349402E+02  -0.10000000E+01  -0.10000000E+01  -0.10000000E+01
  0.35731857E+02  -0.10000000E+01  -0.10000000E+01  -0.10000000E+01
  0.36115662E+02  -0.10000000E+01  -0.10000000E+01  -0.10000000E+01
  0.36500803E+02  -0.10000000E+01  -0.10000000E+01  -0.10000000E+01
  0.36887263E+02  -0.10000000E+01  -0.10000000E+01  -0.10000000E+01
  0.37275027E+02  -0.10000000E+01  -0.10000000E+01  -0.10000000E+01
  0.37664081E+02  -0.10000000E+01  -0.10000000E+01  -0.10000000E+01
  0.38054409E+02  -0.10000000E+01  -0.10000000E+01  -0.10000000E+01
  0.38445996E+02  -0.10000000E+01  -0.10000000E+01  -0.10000000E+01
  0.38838826E+02  -0.10000000E+01  -0.10000000E+01  -0.10000000E+01
  0.39232884E+02  -0.10000000E+01  -0.10000000E+01  -0.10000000E+01
  0.39628153E+02  -0.10000000E+01  -0.10000000E+01  -0.10000000E+01
  0.40024620E+02  -0.10000000E+01  -0.10000000E+01  -0.10000000E+01
  0.40422267E+02  -0.10000000E+01  -0.10000000E+01  -0.10000000E+01
  0.40821080E+02  -0.10000000E+01  -0.10000000E+01  -0.10000000E+01
  0.41221043E+02  -0.10000000E+01  -0.10000000E+01  -0.10000000E+01
  0.41622139E+02  -0.10000000E+01  -0.10000000E+01  -0.10000000E+01
  0.42024353E+02  -0.10000000E+01  -0.10000000E+01  -0.10000000E+01
  0.42427670E+02  -0.10000000E+01  -0.10000000E+01  -0.10000000E+01
  0.42832073E+02  -0.10000000E+01  -0.10000000E+01  -0.10000000E+01
  0.43237546E+02  -0.10000000E+01  -0.10000000E+01  -0.10000000E+01
  0.43644074E+02  -0.10000000E+01  -0.10000000E+01  -0.10000000E+01
  0.44051640E+02  -0.10000000E+01  -0.10000000E+01  -0.10000000E+01
  0.44460229E+02  -0.10000000E+01  -0.10000000E+01  -0.10000000E+01
  0.44869824E+02  -0.10000000E+01  -0.10000000E+01  -0.10000000E+01
  0.45280408E+02  -0.10000000E+01  -0.10000000E+01  -0.10000000E+01
  0.45691967E+02  -0.10000000E+01  -0.10000000E+01  -0.10000000E+01
  0.46104484E+02  -0.10000000E+01  -0.10000000E+01  -0.10000000E+01
  0.46517942E+02  -0.10000000E+01  -0.10000000E+01  -0.10000000E+01
  0.46932325E+02  -0.10000000E+01  -0.10000000E+01  -0.10000000E+01
  0.47347617E+02  -0.10000000E+01  -0.10000000E+01  -0.10000000E+01
  0.47763802E+02  -0.10000000E+01  -0.10000000E+01  -0.10000000E+01
  0.48180862E+02  -0.10000000E+01  -0.10000000E+01  -0.10000000E+01
  0.48598783E+02  -0.10000000E+01  -0.10000000E+01  -0.10000000E+01
  0.49017546E+02  -0.10000000E+01  -0.10000000E+01  -0.10000000E+01
  0.49437136E+02  -0.10000000E+01  -0.10000000E+01  -0.10000000E+01
  0.49857537E+02  -0.10000000E+01  -0.10000000E+01  -0.10000000E+01
  0.50278731E+02  -0.10000000E+01  -0.10000000E+01  -0.10000000E+01
  0.50700702E+02  -0.10000000E+01  -0.10000000E+01  -0.10000000E+01
  0.51123433E+02  -0.10000000E+01  -0.10000000E+01  -0.10000000E+01
  0.51546908E+02  -0.10000000E+01  -0.10000000E+01  -0.10000000E+01
  0.51971110E+02  -0.10000000E+01  -0.10000000E+01  -0.10000000E+01
  0.52396023E+02  -0.10000000E+01  -0.10000000E+01  -0.10000000E+01
  0.52821629E+02  -0.10000000E+01  -0.10000000E+01  -0.10000000E+01
  0.53247912E+02  -0.10000000E+01  -0.10000000E+01  -0.10000000E+01
  0.53674855E+02  -0.10000000E+01  -0.10000000E+01  -0.10000000E+01
  0.54102441E+02  -0.10000000E+01  -0.10000000E+01  -0.10000000E+01
  0.54530653E+02  -0.10000000E+01  -0.10000000E+01  -0.10000000E+01
  0.54959475E+02  -0.10000000E+01  -0.10000000E+01  -0.10000000E+01
  0.55388890E+02  -0.10000000E+01  -0.10000000E+01  -0.10000000E+01
  0.55818880E+02  -0.10000000E+01  -0.10000000E+01  -0.10000000E+01
  0.56249429E+02  -0.10000000E+01  -0.10000000E+01  -0.10000000E+01
  0.56680520E+02  -0.10000000E+01  -0.10000000E+01  -0.10000000E+01
  0.57112135E+02  -0.10000000E+01  -0.10000000E+01  -0.10000000E+01
  0.57544258E+02  -0.10000000E+01  -0.10000000E+01  -0.10000000E+01
  0.57976872E+02  -0.10000000E+01  -0.10000000E+01  -0.10000000E+01
  0.58409960E+02  -0.10000000E+01  -0.10000000E+01  -0.10000000E+01
  0.58843504E+02  -0.10000000E+01  -0.10000000E+01  -0.10000000E+01
  0.59277488E+02  -0.10000000E+01  -0.10000000E+01  -0.10000000E+01
  0.59711895E+02  -0.10000000E+01  -0.10000000E+01  -0.10000000E+01
  0.60146706E+02  -0.10000000E+01  -0.10000000E+01  -0.10000000E+01
  0.60581906E+02  -0.10000000E+01  -0.10000000E+01  -0.10000000E+01
  0.61017477E+02  -0.10000000E+01  -0.10000000E+01  -0.10000000E+01
  0.61453402E+02  -0.10000000E+01  -0.10000000E+01  -0.10000000E+01
  0.61889664E+02  -0.10000000E+01  -0.10000000E+01  -0.10000000E+01
  0.62326245E+02  -0.10000000E+01  -0.10000000E+01  -0.10000000E+01
  0.62763128E+02  -0.10000000E+01  -0.10000000E+01  -0.10000000E+01
  0.63200297E+02  -0.10000000E+01  -0.10000000E+01  -0.10000000E+01
  0.63637734E+02  -0.10000000E+01  -0.10000000E+01  -0.10000000E+01
  0.64075421E+02  -0.10000000E+01  -0.10000000E+01  -0.10000000E+01
  0.64513341E+02  -0.10000000E+01  -0.10000000E+01  -0.10000000E+01
  0.64951478E+02  -0.10000000E+01  -0.10000000E+01  -0.10000000E+01
  0.65389814E+02  -0.10000000E+01  -0.10000000E+01  -0.10000000E+01
  0.65828331E+02  -0.10000000E+01  -0.10000000E+01  -0.10000000E+01
  0.66267013E+02  -0.10000000E+01  -0.10000000E+01  -0.10000000E+01
  0.66705842E+02  -0.10000000E+01  -0.10000000E+01  -0.10000000E+01
  0.67144800E+02  -0.10000000E+01  -0.10000000E+01  -0.10000000E+01
  0.67583871E+02  -0.10000000E+01  -0.10000000E+01  -0.10000000E+01
  0.68023038E+02  -0.10000000E+01  -0.10000000E+01  -0.10000000E+01
  0.68462282E+02  -0.10000000E+01  -0.10000000E+01  -0.10000000E+01
  0.68901587E+02  -0.10000000E+01  -0.10000000E+01  -0.10000000E+01
  0.69340935E+02  -0.10000000E+01  -0.10000000E+01  -0.10000000E+01
  0.69780309E+02  -0.10000000E+01  -0.10000000E+01  -0.10000000E+01
  0.70219691E+02  -0.10000000E+01  -0.10000000E+01  -0.10000000E+01
  0.70659065E+02  -0.10000000E+01  -0.10000000E+01  -0.10000000E+01
  0.71098413E+02  -0.10000000E+01  -0.10000000E+01  -0.10000000E+01
  0.71537718E+02  -0.10000000E+01  -0.10000000E+01  -0.10000000E+01
  0.71976962E+02  -0.10000000E+01  -0.10000000E+01  -0.10000000E+01
  0.72416129E+02  -0.10000000E+01  -0.10000000E+01  -0.10000000E+01
  0.72855200E+02  -0.10000000E+01  -0.10000000E+01  -0.10000000E+01
  0.73294158E+02  -0.10000000E+01  -0.10000000E+01  -0.10000000E+01
  0.73732987E+02  -0.10000000E+01  -0.10000000E+01  -0.10000000E+01
  0.74171669E+02  -0.10000000E+01  -0.10000000E+01  -0.10000000E+01
  0.74610186E+02  -0.10000000E+01  -0.10000000E+01  -0.10000000E+01
  0.75048522E+02  -0.10000000E+01  -0.10000000E+01  -0.10000000E+01
  0.75486659E+02  -0.10000000E+01  -0.10000000E+01  -0.10000000E+01
  0.75924579E+02  -0.10000000E+01  -0.10000000E+01  -0.10000000E+01
  0.76362266E+02  -0.10000000E+01  -0.10000000E+01  -0.10000000E+01
  0.76799703E+02  -0.10000000E+01  -0.10000000E+01  -0.10000000E+01
  0.77236872E+02  -0.10000000E+01  -0.10000000E+01  -0.10000000E+01
  0.77673755E+02  -0.10000000E+01  -0.10000000E+01  -0.10000000E+01
  0.78110336E+02  -0.10000000E+01  -0.10000000E+01  -0.10000000E+01
  0.78546598E+02  -0.10000000E+01  -0.10000000E+01  -0.10000000E+01
  0.78982523E+02  -0.10000000E+01  -0.10000000E+01  -0.10000000E+01
  0.79418094E+02  -0.10000000E+01  -0.10000000E+01  -0.10000000E+01
  0.79853294E+02  -0.10000000E+01  -0.10000000E+01  -0.10000000E+01
  0.80288105E+02  -0.10000000E+01  -0.10000000E+01  -0.10000000E+01
  0.80722512E+02  -0.10000000E+01  -0.10000000E+01  -0.10000000E+01
  0.81156496E+02  -0.10000000E+01  -0.10000000E+01  -0.10000000E+01
  0.81590040E+02  -0.10000000E+01  -0.10000000E+01  -0.10000000E+01
  0.82023128E+02  -0.10000000E+01  -0.10000000E+01  -0.10000000E+01
  0.82455742E+02  -0.10000000E+01  -0.10000000E+01  -0.10000000E+01
  0.82887865E+02  -0.10000000E+01  -0.10000000E+01  -0.10000000E+01
  0.83319480E+02  -0.10000000E+01  -0.10000000E+01  -0.10000000E+01
  0.83750571E+02  -0.10000000E+01  -0.10000000E+01  -0.10000000E+01
  0.84181120E+02  -0.10000000E+01  -0.10000000E+01  -0.10000000E+01
  0.84611110E+02  -0.10000000E+01  -0.10000000E+01  -0.10000000E+01
  0.85040525E+02  -0.10000000E+01  -0.10000000E+01  -0.10000000E+01
  0.85469347E+02  -0.10000000E+01  -0.10000000E+01  -0.10000000E+01
  0.85897559E+02  -0.10000000E+01  -0.10000000E+01  -0.10000000E+01
  0.86325145E+02  -0.10000000E+01  -0.10000000E+01  -0.10000000E+01
  0.86752088E+02  -0.10000000E+01  -0.10000000E+01  -0.10000000E+01
  0.87178371E+02  -0.10000000E+01  -0.10000000E+01  -0.10000000E+01
  0.87603977E+02  -0.10000000E+01  -0.10000000E+01  -0.10000000E+01
  0.88028890E+02  -0.10000000E+01  -0.10000000E+01  -0.10000000E+01
  0.88453092E+02  -0.10000000E+01  -0.10000000E+01  -0.10000000E+01
  0.88876567E+02  -0.10000000E+01  -0.10000000E+01  -0.10000000E+01
  0.89299298E+02  -0.10000000E+01  -0.10000000E+01  -0.10000000E+01
  0.89721269E+02  -0.10000000E+01  -0.10000000E+01  -0.10000000E+01
  0.90142463E+02  -0.10000000E+01  -0.10000000E+01  -0.10000000E+01
  0.90562864E+02  -0.10000000E+01  -0.10000000E+01  -0.10000000E+01
  0.90982454E+02  -0.10000000E+01  -0.10000000E+01  -0.10000000E+01
  0.91401217E+02  -0.10000000E+01  -0.10000000E+01  -0.10000000E+01
  0.91819138E+02  -0.10000000E+01  -0.10000000E+01  -0.10000000E+01
  0.92236198E+02  -0.10000000E+01  -0.10000000E+01  -0.10000000E+01
  0.92652383E+02  -0.10000000E+01  -0.10000000E+01  -0.10000000E+01
  0.93067675E+02  -0.10000000E+01  -0.10000000E+01  -0.10000000E+01
  0.93482058E+02  -0.10000000E+01  -0.10000000E+01  -0.10000000E+01
  0.93895516E+02  -0.10000000E+01  -0.10000000E+01  -0.10000000E+01
  0.94308033E+02  -0.10000000E+01  -0.10000000E+01  -0.10000000E+01
  0.94719592E+02  -0.10000000E+01  -0.10000000E+01  -0.10000000E+01
  0.95130176E+02  -0.10000000E+01  -0.10000000E+01  -0.10000000E+01
  0.95539771E+02  -0.10000000E+01  -0.10000000E+01  -0.10000000E+01
  0.95948360E+02  -0.10000000E+01  -0.10000000E+01  -0.10000000E+01
  0.96355926E+02  -0.10000000E+01  -0.10000000E+01  -0.10000000E+01
  0.96762454E+02  -0.10000000E+01  -0.10000000E+01  -0.10000000E+01
  0.97167927E+02  -0.10000000E+01  -0.10000000E+01  -0.10000000E+01
  0.97572330E+02  -0.10000000E+01  -0.10000000E+01  -0.10000000E+01
  0.97975647E+02  -0.10000000E+01  -0.10000000E+01  -0.10000000E+01
  0.98377861E+02  -0.10000000E+01  -0.10000000E+01  -0.10000000E+01
  0.98778957E+02  -0.10000000E+01  -0.10000000E+01  -0.10000000E+01
  0.99178920E+02  -0.10000000E+01  -0.10000000E+01  -0.10000000E+01
  0.99577733E+02  -0.10000000E+01  -0.10000000E+01  -0.10000000E+01
  0.99975380E+02  -0.10000000E+01  -0.10000000E+01  -0.10000000E+01
  0.10037185E+03  -0.10000000E+01  -0.10000000E+01  -0.10000000E+01
  0.10076712E+03  -0.10000000E+01  -0.10000000E+01  -0.10000000E+01
  0.10116117E+03  -0.10000000E+01  -0.10000000E+01  -0.10000000E+01
  0.10155400E+03  -0.10000000E+01  -0.10000000E+01  -0.10000000E+01
  0.10194559E+03  -0.10000000E+01  -0.10000000E+01  -0.10000000E+01
  0.10233592E+03  -0.10000000E+01  -0.10000000E+01  -0.10000000E+01
  0.10272497E+03  -0.10000000E+01  -0.10000000E+01  -0.10000000E+01
  0.10311274E+03  -0.10000000E+01  -0.10000000E+01  -0.10000000E+01
  0.10349920E+03  -0.10000000E+01  -0.10000000E+01  -0.10000000E+01
  0.10388434E+03  -0.10000000E+01  -0.10000000E+01  -0.10000000E+01
  0.10426814E+03  -0.10000000E+01  -0.10000000E+01  -0.10000000E+01
  0.10465060E+03  -0.10000000E+01  -0.10000000E+01  -0.10000000E+01
  0.10503169E+03  -0.10000000E+01  -0.10000000E+01  -0.10000000E+01
  0.10541140E+03  -0.10000000E+01  -0.10000000E+01  -0.10000000E+01
  0.10578971E+03  -0.10000000E+01  -0.10000000E+01  -0.10000000E+01
  0.10616662E+03  -0.10000000E+01  -0.10000000E+01  -0.10000000E+01
  0.10654210E+03  -0.10000000E+01  -0.10000000E+01  -0.10000000E+01
  0.10691613E+03  -0.10000000E+01  -0.10000000E+01  -0.10000000E+01
  0.10728872E+03  -0.10000000E+01  -0.10000000E+01  -0.10000000E+01
  0.10765984E+03  -0.10000000E+01  -0.10000000E+01  -0.10000000E+01
  0.10802947E+03  -0.10000000E+01  -0.10000000E+01  -0.10000000E+01
  0.10839760E+03  -0.10000000E+01  -0.10000000E+01  -0.10000000E+01
  0.10876422E+03  -0.10000000E+01  -0.10000000E+01  -0.10000000E+01
  0.10912932E+03  -0.10000000E+01  -0.10000000E+01  -0.10000000E+01
  0.10949287E+03  -0.10000000E+01  -0.10000000E+01  -0.10000000E+01
  0.10985486E+03  -0.10000000E+01  -0.10000000E+01  -0.10000000E+01
  0.11021529E+03  -0.10000000E+01  -0.10000000E+01  -0.10000000E+01
  0.11057413E+03  -0.10000000E+01  -0.10000000E+01  -0.10000000E+01
  0.11093137E+03  -0.10000000E+01  -0.10000000E+01  -0.10000000E+01
  0.11128700E+03  -0.10000000E+01  -0.10000000E+01  -0.10000000E+01
  0.11164101E+03  -0.10000000E+01  -0.10000000E+01  -0.10000000E+01
  0.11199337E+03  -0.10000000E+01  -0.10000000E+01  -0.10000000E+01
  0.11234408E+03  -0.10000000E+01  -0.10000000E+01  -0.10000000E+01
  0.11269312E+03  -0.10000000E+01  -0.10000000E+01  -0.10000000E+01
  0.11304048E+03  -0.10000000E+01  -0.10000000E+01  -0.10000000E+01
  0.11338614E+03  -0.10000000E+01  -0.10000000E+01  -0.10000000E+01
  0.11373009E+03  -0.10000000E+01  -0.10000000E+01  -0.10000000E+01
  0.11407232E+03  -0.10000000E+01  -0.10000000E+01  -0.10000000E+01
  0.11441281E+03  -0.10000000E+01  -0.10000000E+01  -0.10000000E+01
  0.11475156E+03  -0.10000000E+01  -0.10000000E+01  -0.10000000E+01
  0.11508854E+03  -0.10000000E+01  -0.10000000E+01  -0.10000000E+01
  0.11542374E+03  -0.10000000E+01  -0.10000000E+01  -0.10000000E+01
  0.11575716E+03  -0.10000000E+01  -0.10000000E+01  -0.10000000E+01
  0.11608877E+03  -0.10000000E+01  -0.10000000E+01  -0.10000000E+01
  0.11641856E+03  -0.10000000E+01  -0.10000000E+01  -0.10000000E+01
  0.11674653E+03  -0.10000000E+01  -0.10000000E+01  -0.10000000E+01
  0.11707265E+03  -0.10000000E+01  -0.10000000E+01  -0.10000000E+01
  0.11739692E+03  -0.10000000E+01  -0.10000000E+01  -0.10000000E+01
  0.11771933E+03  -0.10000000E+01  -0.10000000E+01  -0.10000000E+01
  0.11803985E+03  -0.10000000E+01  -0.10000000E+01  -0.10000000E+01
  0.11835848E+03  -0.10000000E+01  -0.10000000E+01  -0.10000000E+01
  0.11867520E+03  -0.10000000E+01  -0.10000000E+01  -0.10000000E+01
  0.11899001E+03  -0.10000000E+01  -0.10000000E+01  -0.10000000E+01
  0.11930289E+03  -0.10000000E+01  -0.10000000E+01  -0.10000000E+01
  0.11961382E+03  -0.10000000E+01  -0.10000000E+01  -0.10000000E+01
  0.11992280E+03  -0.10000000E+01  -0.10000000E+01  -0.10000000E+01
  0.12022981E+03  -0.10000000E+01  -0.10000000E+01  -0.10000000E+01
  0.12053485E+03  -0.10000000E+01  -0.10000000E+01  -0.10000000E+01
  0.12083789E+03  -0.10000000E+01  -0.10000000E+01  -0.10000000E+01
  0.12113893E+03  -0.10000000E+01  -0.10000000E+01  -0.10000000E+01
  0.12143795E+03  -0.10000000E+01  -0.10000000E+01  -0.10000000E+01
  0.12173495E+03  -0.10000000E+01  -0.10000000E+01  -0.10000000E+01
  0.12202991E+03  -0.10000000E+01  -0.10000000E+01  -0.10000000E+01
  0.12232282E+03  -0.10000000E+01  -0.10000000E+01  -0.10000000E+01
  0.12261367E+03  -0.10000000E+01  -0.10000000E+01  -0.10000000E+01
  0.12290244E+03  -0.10000000E+01  -0.10000000E+01  -0.10000000E+01
  0.12318913E+03  -0.10000000E+01  -0.10000000E+01  -0.10000000E+01
  0.12347373E+03  -0.10000000E+01  -0.10000000E+01  -0.10000000E+01
  0.12375622E+03  -0.10000000E+01  -0.10000000E+01  -0.10000000E+01
  0.12403659E+03  -0.10000000E+01  -0.10000000E+01  -0.10000000E+01
  0.12431483E+03  -0.10000000E+01  -0.10000000E+01  -0.10000000E+01
  0.12459093E+03  -0.10000000E+01  -0.10000000E+01  -0.10000000E+01
  0.12486488E+03  -0.10000000E+01  -0.10000000E+01  -0.10000000E+01
  0.12513667E+03  -0.10000000E+01  -0.10000000E+01  -0.10000000E+01
  0.12540629E+03  -0.10000000E+01  -0.10000000E+01  -0.10000000E+01
  0.12567372E+03  -0.10000000E+01  -0.10000000E+01  -0.10000000E+01
  0.12593896E+03  -0.10000000E+01  -0.10000000E+01  -0.10000000E+01
  0.12620200E+03  -0.10000000E+01  -0.10000000E+01  -0.10000000E+01
  0.12646282E+03  -0.10000000E+01  -0.10000000E+01  -0.10000000E+01
  0.12672142E+03  -0.10000000E+01  -0.10000000E+01  -0.10000000E+01
  0.12697778E+03  -0.10000000E+01  -0.10000000E+01  -0.10000000E+01
  0.12723190E+03  -0.10000000E+01  -0.10000000E+01  -0.10000000E+01
  0.12748376E+03  -0.10000000E+01  -0.10000000E+01  -0.10000000E+01
  0.12773336E+03  -0.10000000E+01  -0.10000000E+01  -0.10000000E+01
  0.12798068E+03  -0.10000000E+01  -0.10000000E+01  -0.10000000E+01
  0.12822572E+03  -0.10000000E+01  -0.10000000E+01  -0.10000000E+01
  0.12846846E+03  -0.10000000E+01  -0.10000000E+01  -0.10000000E+01
  0.12870890E+03  -0.10000000E+01  -0.10000000E+01  -0.10000000E+01
  0.12894703E+03  -0.10000000E+01  -0.10000000E+01  -0.10000000E+01
  0.12918284E+03  -0.10000000E+01  -0.10000000E+01  -0.10000000E+01
  0.12941631E+03  -0.10000000E+01  -0.10000000E+01  -0.10000000E+01
  0.12964744E+03  -0.10000000E+01  -0.10000000E+01  -0.10000000E+01
  0.12987623E+03  -0.10000000E+01  -0.10000000E+01  -0.10000000E+01
  0.13010265E+03  -0.10000000E+01  -0.10000000E+01  -0.10000000E+01
  0.13032671E+03  -0.10000000E+01  -0.10000000E+01  -0.10000000E+01
  0.13054838E+03  -0.10000000E+01  -0.10000000E+01  -0.10000000E+01
  0.13076768E+03  -0.10000000E+01  -0.10000000E+01  -0.10000000E+01
  0.13098458E+03  -0.10000000E+01  -0.10000000E+01  -0.10000000E+01
  0.13119907E+03  -0.10000000E+01  -0.10000000E+01  -0.10000000E+01
  0.13141116E+03  -0.10000000E+01  -0.10000000E+01  -0.10000000E+01
  0.13162082E+03  -0.10000000E+01  -0.10000000E+01  -0.10000000E+01
  0.13182806E+03  -0.10000000E+01  -0.10000000E+01  -0.10000000E+01
  0.13203286E+03  -0.10000000E+01  -0.10000000E+01  -0.10000000E+01
  0.13223522E+03  -0.10000000E+01  -0.10000000E+01  -0.10000000E+01
  0.13243513E+03  -0.10000000E+01  -0.10000000E+01  -0.10000000E+01
  0.13263257E+03  -0.10000000E+01  -0.10000000E+01  -0.10000000E+01
  0.13282755E+03  -0.10000000E+01  -0.10000000E+01  -0.10000000E+01
  0.13302005E+03  -0.10000000E+01  -0.10000000E+01  -0.10000000E+01
  0.13321007E+03  -0.10000000E+01  -0.10000000E+01  -0.10000000E+01
  0.13339760E+03  -0.10000000E+01  -0.10000000E+01  -0.10000000E+01
  0.13358263E+03  -0.10000000E+01  -0.10000000E+01  -0.10000000E+01
  0.13376516E+03  -0.10000000E+01  -0.10000000E+01  -0.10000000E+01
  0.13394517E+03  -0.10000000E+01  -0.10000000E+01  -0.10000000E+01
  0.13412267E+03  -0.10000000E+01  -0.10000000E+01  -0.10000000E+01
  0.13429763E+03  -0.10000000E+01  -0.10000000E+01  -0.10000000E+01
  0.13447007E+03  -0.10000000E+01  -0.10000000E+01  -0.10000000E+01
  0.13463996E+03  -0.10000000E+01  -0.10000000E+01  -0.10000000E+01
  0.13480731E+03  -0.10000000E+01  -0.10000000E+01  -0.10000000E+01
  0.13497211E+03  -0.10000000E+01  -0.10000000E+01  -0.10000000E+01
  0.13513434E+03  -0.10000000E+01  -0.10000000E+01  -0.10000000E+01
  0.13529401E+03  -0.10000000E+01  -0.10000000E+01  -0.10000000E+01
  0.13545110E+03  -0.10000000E+01  -0.10000000E+01  -0.10000000E+01
  0.13560562E+03  -0.10000000E+01  -0.10000000E+01  -0.10000000E+01
  0.13575755E+03  -0.10000000E+01  -0.10000000E+01  -0.10000000E+01
  0.13590690E+03  -0.10000000E+01  -0.10000000E+01  -0.10000000E+01
  0.13605364E+03  -0.10000000E+01  -0.10000000E+01  -0.10000000E+01
  0.13619778E+03  -0.10000000E+01  -0.10000000E+01  -0.10000000E+01
  0.13633932E+03  -0.10000000E+01  -0.10000000E+01  -0.10000000E+01
  0.13647824E+03  -0.10000000E+01  -0.10000000E+01  -0.10000000E+01
  0.13661454E+03  -0.10000000E+01  -0.10000000E+01  -0.10000000E+01
  0.13674821E+03  -0.10000000E+01  -0.10000000E+01  -0.10000000E+01
  0.13687926E+03  -0.10000000E+01  -0.10000000E+01  -0.10000000E+01
  0.13700767E+03  -0.10000000E+01  -0.10000000E+01  -0.10000000E+01
  0.13713344E+03  -0.10000000E+01  -0.10000000E+01  -0.10000000E+01
  0.13725657E+03  -0.10000000E+01  -0.10000000E+01  -0.10000000E+01
  0.13737705E+03  -0.10000000E+01  -0.10000000E+01  -0.10000000E+01
  0.13749487E+03  -0.10000000E+01  -0.10000000E+01  -0.10000000E+01
  0.13761003E+03  -0.10000000E+01  -0.10000000E+01  -0.10000000E+01
  0.13772253E+03  -0.10000000E+01  -0.10000000E+01  -0.10000000E+01
  0.13783236E+03  -0.10000000E+01  -0.10000000E+01  -0.10000000E+01
  0.13793952E+03  -0.10000000E+01  -0.10000000E+01  -0.10000000E+01
  0.13804400E+03  -0.10000000E+01  -0.10000000E+01  -0.10000000E+01
  0.13814580E+03  -0.10000000E+01  -0.10000000E+01  -0.10000000E+01
  0.13824492E+03  -0.10000000E+01  -0.10000000E+01  -0.10000000E+01
  0.13834135E+03  -0.10000000E+01  -0.10000000E+01  -0.10000000E+01
  0.13843508E+03  -0.10000000E+01  -0.10000000E+01  -0.10000000E+01
  0.13852612E+03  -0.10000000E+01  -0.10000000E+01  -0.10000000E+01
  0.13861446E+03  -0.10000000E+01  -0.10000000E+01  -0.10000000E+01
  0.13870009E+03  -0.10000000E+01  -0.10000000E+01  -0.10000000E+01
  0.13878302E+03  -0.10000000E+01  -0.10000000E+01  -0.10000000E+01
  0.13886324E+03  -0.10000000E+01  -0.10000000E+01  -0.10000000E+01
  0.13894074E+03  -0.10000000E+01  -0.10000000E+01  -0.10000000E+01
  0.13901553E+03  -0.10000000E+01  -0.10000000E+01  -0.10000000E+01
  0.13908760E+03  -0.10000000E+01  -0.10000000E+01  -0.10000000E+01
  0.13915695E+03  -0.10000000E+01  -0.10000000E+01  -0.10000000E+01
  0.13922357E+03  -0.10000000E+01  -0.10000000E+01  -0.10000000E+01
  0.13928747E+03  -0.10000000E+01  -0.10000000E+01  -0.10000000E+01
  0.13934863E+03  -0.10000000E+01  -0.10000000E+01  -0.10000000E+01
  0.13940706E+03  -0.10000000E+01  -0.10000000E+01  -0.10000000E+01
  0.13946276E+03  -0.10000000E+01  -0.10000000E+01  -0.10000000E+01
  0.13951573E+03  -0.10000000E+01  -0.10000000E+01  -0.10000000E+01
  0.13956595E+03  -0.10000000E+01  -0.10000000E+01  -0.10000000E+01
  0.13961343E+03  -0.10000000E+01  -0.10000000E+01  -0.10000000E+01
  0.13965817E+03  -0.10000000E+01  -0.10000000E+01  -0.10000000E+01
  0.13970016E+03  -0.10000000E+01  -0.10000000E+01  -0.10000000E+01
  0.13973941E+03  -0.10000000E+01  -0.10000000E+01  -0.10000000E+01
  0.13977591E+03  -0.10000000E+01  -0.10000000E+01  -0.10000000E+01
  0.13980967E+03  -0.10000000E+01  -0.10000000E+01  -0.10000000E+01
  0.13984067E+03  -0.10000000E+01  -0.10000000E+01  -0.10000000E+01
  0.13986892E+03  -0.10000000E+01  -0.10000000E+01  -0.10000000E+01
  0.13989441E+03  -0.10000000E+01  -0.10000000E+01  -0.10000000E+01
  0.13991716E+03  -0.10000000E+01  -0.10000000E+01  -0.10000000E+01
  0.13993714E+03  -0.10000000E+01  -0.10000000E+01  -0.10000000E+01
  0.13995438E+03  -0.10000000E+01  -0.10000000E+01  -0.10000000E+01
  0.13996885E+03  -0.10000000E+01  -0.10000000E+01  -0.10000000E+01
  0.13998057E+03  -0.10000000E+01  -0.10000000E+01  -0.10000000E+01
  0.13998954E+03  -0.10000000E+01  -0.10000000E+01  -0.10000000E+01
  0.13999574E+03  -0.10000000E+01  -0.10000000E+01  -0.10000000E+01
  0.13999919E+03  -0.10000000E+01  -0.10000000E+01  -0.10000000E+01
