 -0.9997193395297699E+00  0.5612421701607362E-03  0.7202317064017241E-03
 -0.9985215119897574E+00  0.2954790093688819E-02  0.1675892760498810E-02
 -0.9963677327909443E+00  0.7251341053033489E-02  0.2631364873182752E-02
 -0.9932595861878670E+00  0.1343539444590713E-01  0.3584439398802558E-02
 -0.9891999908750335E+00  0.2148337805283362E-01  0.4534105010093150E-02
 -0.9841928216302204E+00  0.3136448985154527E-01  0.5479434683780755E-02
 -0.9782428702864430E+00  0.4304088673374151E-01  0.6419518270178706E-02
 -0.9713558345581709E+00  0.5646784266979943E-01  0.7353453674790682E-02
 -0.9635383108331340E+00  0.7159392355683081E-01  0.8280345625724234E-02
 -0.9547977872711912E+00  0.8836118542203708E-01  0.9199305940920855E-02
 -0.9451426364046486E+00  0.1067053968500703E+00  0.1010945417951267E-01
 -0.9345821070189457E+00  0.1265562852400278E+00  0.1100991840805881E-01
 -0.9231263152456141E+00  0.1478378061010551E+00  0.1189983600271215E-01
 -0.9107862348473936E+00  0.1704684344125084E+00  0.1277835446009027E-01
 -0.8975736866928788E+00  0.1943614769565538E+00  0.1364463220622107E-01
 -0.8835013274253606E+00  0.2194254044376258E+00  0.1449783939863896E-01
 -0.8685826373341297E+00  0.2455642021216878E+00  0.1533715871904554E-01
 -0.8528319074385102E+00  0.2726777376547923E+00  0.1616178615495523E-01
 -0.8362642257962886E+00  0.3006621446533341E+00  0.1697093176909299E-01
 -0.8188954630492570E+00  0.3294102205973430E+00  0.1776382045561171E-01
 -0.8007422572194868E+00  0.3588118375030412E+00  0.1853969268229362E-01
 -0.7818219977707429E+00  0.3887543638017644E+00  0.1929780521791713E-01
 -0.7621528089502492E+00  0.4191230958092450E+00  0.2003743184409559E-01
 -0.7417535324266844E+00  0.4498016971325357E+00  0.2075786405084571E-01
 -0.7206437092410163E+00  0.4806726443313496E+00  0.2145841171522883E-01
 -0.6988435610874443E+00  0.5116176771266195E+00  0.2213840376239766E-01
 -0.6763739709423535E+00  0.5425182514316723E+00  0.2279718880840717E-01
 -0.6532564630598453E+00  0.5732559934705410E+00  0.2343413578416351E-01
 -0.6295131823529782E+00  0.6037131532438260E+00  0.2404863453994058E-01
 -0.6051668731804860E+00  0.6337730556049536E+00  0.2464009642982794E-01
 -0.5802408575592753E+00  0.6633205472188768E+00  0.2520795487562329E-01
 -0.5547590128235742E+00  0.6922424376910135E+00  0.2575166590955191E-01
 -0.5287457487521395E+00  0.7204279331765393E+00  0.2627070869534624E-01
 -0.5022259841854202E+00  0.7477690608089861E+00  0.2676458602717333E-01
 -0.4752251231550760E+00  0.7741610823222428E+00  0.2723282480590781E-01
 -0.4477690305487353E+00  0.7995028952814458E+00  0.2767497649233128E-01
 -0.4198840073332681E+00  0.8236974203857561E+00  0.2809061753679965E-01
 -0.3915967653603424E+00  0.8466519733593170E+00  0.2847934978496924E-01
 -0.3629344017783811E+00  0.8682786200057686E+00  0.2884080085919518E-01
 -0.3339243730754324E+00  0.8884945130661794E+00  0.2917462451524969E-01
 -0.3045944687778128E+00  0.9072222095899620E+00  0.2948050097399145E-01
 -0.2749727848297395E+00  0.9243899676029778E+00  0.2975813722769809E-01
 -0.2450876966794197E+00  0.9399320209363767E+00  0.3000726732073156E-01
 -0.2149678320974096E+00  0.9537888311633399E+00  0.3022765260432127E-01
 -0.1846420437532573E+00  0.9659073156786202E+00  0.3041908196516372E-01
 -0.1541393815767157E+00  0.9762410510471476E+00  0.3058137202765270E-01
 -0.1234890649299896E+00  0.9847504508427168E+00  0.3071436732954213E-01
 -0.9272045461768305E-01  0.9914029172954901E+00  0.3081794047086424E-01
 -0.6186302476124859E-01  0.9961729661673892E+00  0.3089199223597820E-01
 -0.3094633456489809E-01  0.9990423243769974E+00  0.3093645168859806E-01
 -0.1264393042847217E-15  0.1000000000000000E+01  0.3095127623975718E-01
  0.3094633456489821E-01  0.9990423243769974E+00  0.3093645168859822E-01
  0.6186302476124841E-01  0.9961729661673892E+00  0.3089199223597784E-01
  0.9272045461768195E-01  0.9914029172954903E+00  0.3081794047086402E-01
  0.1234890649299897E+00  0.9847504508427168E+00  0.3071436732954187E-01
  0.1541393815767157E+00  0.9762410510471476E+00  0.3058137202765349E-01
  0.1846420437532571E+00  0.9659073156786203E+00  0.3041908196516491E-01
  0.2149678320974093E+00  0.9537888311633400E+00  0.3022765260432148E-01
  0.2450876966794195E+00  0.9399320209363768E+00  0.3000726732073114E-01
  0.2749727848297392E+00  0.9243899676029780E+00  0.2975813722769741E-01
  0.3045944687778132E+00  0.9072222095899618E+00  0.2948050097399262E-01
  0.3339243730754317E+00  0.8884945130661799E+00  0.2917462451524951E-01
  0.3629344017783818E+00  0.8682786200057682E+00  0.2884080085919423E-01
  0.3915967653603423E+00  0.8466519733593171E+00  0.2847934978496951E-01
  0.4198840073332678E+00  0.8236974203857563E+00  0.2809061753679966E-01
  0.4477690305487356E+00  0.7995028952814455E+00  0.2767497649233081E-01
  0.4752251231550763E+00  0.7741610823222426E+00  0.2723282480590585E-01
  0.5022259841854194E+00  0.7477690608089869E+00  0.2676458602717311E-01
  0.5287457487521394E+00  0.7204279331765395E+00  0.2627070869534685E-01
  0.5547590128235734E+00  0.6922424376910143E+00  0.2575166590955284E-01
  0.5802408575592747E+00  0.6633205472188775E+00  0.2520795487562308E-01
  0.6051668731804849E+00  0.6337730556049549E+00  0.2464009642982831E-01
  0.6295131823529777E+00  0.6037131532438267E+00  0.2404863453993975E-01
  0.6532564630598453E+00  0.5732559934705410E+00  0.2343413578416415E-01
  0.6763739709423537E+00  0.5425182514316720E+00  0.2279718880840797E-01
  0.6988435610874442E+00  0.5116176771266197E+00  0.2213840376239734E-01
  0.7206437092410174E+00  0.4806726443313479E+00  0.2145841171522848E-01
  0.7417535324266842E+00  0.4498016971325359E+00  0.2075786405084602E-01
  0.7621528089502496E+00  0.4191230958092443E+00  0.2003743184409471E-01
  0.7818219977707433E+00  0.3887543638017638E+00  0.1929780521791716E-01
  0.8007422572194871E+00  0.3588118375030408E+00  0.1853969268229284E-01
  0.8188954630492576E+00  0.3294102205973419E+00  0.1776382045561175E-01
  0.8362642257962888E+00  0.3006621446533337E+00  0.1697093176909131E-01
  0.8528319074385109E+00  0.2726777376547912E+00  0.1616178615495626E-01
  0.8685826373341307E+00  0.2455642021216861E+00  0.1533715871904663E-01
  0.8835013274253610E+00  0.2194254044376250E+00  0.1449783939863864E-01
  0.8975736866928785E+00  0.1943614769565544E+00  0.1364463220622253E-01
  0.9107862348473941E+00  0.1704684344125076E+00  0.1277835446008974E-01
  0.9231263152456138E+00  0.1478378061010556E+00  0.1189983600271278E-01
  0.9345821070189460E+00  0.1265562852400275E+00  0.1100991840806048E-01
  0.9451426364046489E+00  0.1067053968500696E+00  0.1010945417951150E-01
  0.9547977872711914E+00  0.8836118542203686E-01  0.9199305940921576E-02
  0.9635383108331346E+00  0.7159392355682970E-01  0.8280345625722815E-02
  0.9713558345581715E+00  0.5646784266979810E-01  0.7353453674791579E-02
  0.9782428702864437E+00  0.4304088673373996E-01  0.6419518270176971E-02
  0.9841928216302210E+00  0.3136448985154394E-01  0.5479434683781848E-02
  0.9891999908750339E+00  0.2148337805283296E-01  0.4534105010093672E-02
  0.9932595861878678E+00  0.1343539444590558E-01  0.3584439398802481E-02
  0.9963677327909441E+00  0.7251341053033711E-02  0.2631364873182539E-02
  0.9985215119897577E+00  0.2954790093688153E-02  0.1675892760499164E-02
  0.9997193395297707E+00  0.5612421701591819E-03  0.7202317064018172E-03
