           1  -0.1099703928928044E+01
           2  -0.6653091858468048E+00
           3  -0.3603951399575814E+00
           4  -0.2549630864152690E+00
           5  -0.2357481400013463E+00
           6  -0.1775240008607114E+00
           7  -0.1371407285206053E+00
           8  -0.1307749026902164E+00
           9  -0.1266438342808194E+00
          10  -0.1053713882335983E+00
          11  -0.8585456224476380E-01
          12  -0.8296450547904709E-01
          13  -0.8084426545890465E-01
          14  -0.8037346842436655E-01
          15  -0.6970022294945158E-01
          16  -0.5883265112360144E-01
          17  -0.5727150421637851E-01
          18  -0.5604484653885058E-01
          19  -0.5577182005852801E-01
          20  -0.5567119872984196E-01
          21  -0.4949521326238535E-01
          22  -0.4283763398100808E-01
          23  -0.4189620920559974E-01
          24  -0.4112452645252399E-01
          25  -0.4095248996799227E-01
          26  -0.4088914649963307E-01
          27  -0.4085991711806485E-01
          28  -0.3694906114210753E-01
          29  -0.3254229880692822E-01
          30  -0.3192697898654862E-01
          31  -0.3141561362984638E-01
          32  -0.3131627410829006E-01
          33  -0.3128722312327051E-01
          34  -0.3127548906856919E-01
          35  -0.3126825321068436E-01
          36  -0.2832146061253335E-01
          37  -0.2467931357156275E-01
          38  -0.2461021558188154E-01
          39  -0.2460683778507641E-01
          40  -0.2446334142358996E-01
          41  -0.2426098443898427E-01
          42  -0.2417294892258501E-01
          43  -0.2404039163097765E-01
          44  -0.2388867780133357E-01
          45  -0.2003818489588747E-01
          46  -0.1981502435069018E-01
          47  -0.1934649999312500E-01
          48  -0.1864004193717772E-01
          49  -0.1778481143788804E-01
          50  -0.1687571737523071E-01
          51  -0.1601080586115660E-01
          52  -0.1579959786255236E-01
          53  -0.1558370012670728E-01
          54  -0.1532685841671834E-01
          55  -0.1530558030255907E-01
          56  -0.1451223667341775E-01
          57  -0.1290698215830043E-01
          58  -0.1212410349618476E-01
          59  -0.1113774813673936E-01
          60  -0.9793956805123906E-02
          61  -0.9688768696149069E-02
          62  -0.9316613539860588E-02
          63  -0.8547983984862048E-02
          64  -0.7543400306220195E-02
          65  -0.7192575937940466E-02
          66  -0.5926003165556738E-02
          67  -0.5125762780999119E-02
          68  -0.4958932105590147E-02
          69  -0.4627724459217507E-02
          70  -0.4445584246368231E-02
          71  -0.4300639992124672E-02
          72  -0.4238417973061376E-02
          73  -0.1645371292256759E-02
          74  -0.1529043062861267E-02
          75  -0.1299888494531567E-02
          76  -0.4593444728926217E-03
