           1       0.0000000000000000
           2       0.7854090804609910
           3       1.6570446139188693
           4       2.6243730063286819
           5       3.6978999368451864
           6       4.8892844548506762
           7       6.2114656031710629
           8       7.6788029426728670
           9       9.3072325044098285
          10      11.1144398630388697
          11      13.1200522111709521
          12      15.3458515206820465
          13      17.8160111060247033
          14      20.5573581587383032
          15      23.5996651044164985
          16      26.9759729464169773
          17      30.7229501079908864
          18      34.8812906700404142
          19      39.4961563295692812
          20      44.6176668787202075
          21      50.3014445312514766
          22      56.6092180081155689
          23      63.6094929428168925
          24      71.3782958874923565
          25      79.9999999999999574
