  0.7210918415054834E-03  0.1850548967082428E-02
  0.3799341226773834E-02  0.4307615240883501E-02
  0.9337149331550165E-02  0.6768054934622660E-02
  0.1733540549439283E-01  0.9228394217719814E-02
  0.2779376825189672E-01  0.1168822912138548E-01
  0.4071163007681378E-01  0.1414736384523871E-01
  0.5608820811296766E-01  0.1660563529337532E-01
  0.7392256112624551E-01  0.1906288820039755E-01
  0.9421359405438068E-01  0.2151896975786296E-01
  0.1169600595682780E+00  0.2397372810829477E-01
  0.1421605587296995E+00  0.2642701184311796E-01
  0.1698135413310382E+00  0.2887866981348510E-01
  0.1999173061121482E+00  0.3132855105537361E-01
  0.2324700009273570E+00  0.3377650475879818E-01
  0.2674696228933868E+00  0.3622238025784563E-01
  0.3049140185320596E+00  0.3866602702886231E-01
  0.3448008839143597E+00  0.4110729469460561E-01
  0.3871277648093709E+00  0.4354603302984873E-01
  0.4318920568399776E+00  0.4598209196847750E-01
  0.4790910056460405E+00  0.4841532161200895E-01
  0.5287217070558938E+00  0.5084557223738086E-01
  0.5807811072664322E+00  0.5327269430614574E-01
  0.6352660030320294E+00  0.5569653847315569E-01
  0.6921730418622758E+00  0.5811695559564199E-01
  0.7514987222287672E+00  0.6053379674184022E-01
  0.8132393937809113E+00  0.6294691320066356E-01
  0.8773912575709133E+00  0.6535615649013415E-01
  0.9439503662876163E+00  0.6776137836707131E-01
  0.1012912624499464E+01  0.7016243083576112E-01
  0.1084273788907005E+01  0.7255916615693399E-01
  0.1158029468603488E+01  0.7495143685749135E-01
  0.1234175125345637E+01  0.7733909573856602E-01
  0.1312706073832658E+01  0.7972199588553516E-01
  0.1393617481994688E+01  0.8209999067647313E-01
  0.1476904371290111E+01  0.8447293379130802E-01
  0.1562561617011944E+01  0.8684067922078093E-01
  0.1650583948603114E+01  0.8920308127558399E-01
  0.1740965949980968E+01  0.9155999459522438E-01
  0.1833702059870326E+01  0.9391127415672798E-01
  0.1928786572145825E+01  0.9625677528413616E-01
  0.2026213636182966E+01  0.9859635365671492E-01
  0.2125977257218089E+01  0.1009298653183015E+00
  0.2228071296717388E+01  0.1032571666861446E+00
  0.2332489472754496E+01  0.1055781145594136E+00
  0.2439225360397032E+01  0.1078925661283904E+00
  0.2548272392101943E+01  0.1102003789829980E+00
  0.2659623858119673E+01  0.1125014111215893E+00
  0.2773272906907017E+01  0.1147955209599276E+00
  0.2889212545548581E+01  0.1170825673397134E+00
  0.3007435640187204E+01  0.1193624095367973E+00
  0.3127934916462898E+01  0.1216349072710135E+00
  0.3250702959960314E+01  0.1238999207137124E+00
  0.3375732216665114E+01  0.1261573104966660E+00
  0.3503014993428749E+01  0.1284069377209863E+00
  0.3632543458441774E+01  0.1306486639654163E+00
  0.3764309641715691E+01  0.1328823512946583E+00
  0.3898305435573512E+01  0.1351078622681314E+00
  0.4034522595148530E+01  0.1373250599484335E+00
  0.4172952738891588E+01  0.1395338079096725E+00
  0.4313587349086987E+01  0.1417339702458277E+00
  0.4456417772376298E+01  0.1439254115790985E+00
  0.4601435220291165E+01  0.1461079970684684E+00
  0.4748630769793749E+01  0.1482815924176638E+00
  0.4897995363825871E+01  0.1504460638836907E+00
  0.5049519811866475E+01  0.1526012782848669E+00
  0.5203194790496880E+01  0.1547471030091127E+00
  0.5359010843974531E+01  0.1568834060222517E+00
  0.5516958384814941E+01  0.1590100558758345E+00
  0.5677027694381458E+01  0.1611269217153411E+00
  0.5839208923483341E+01  0.1632338732883840E+00
  0.6003492092981801E+01  0.1653307809526308E+00
  0.6169867094403926E+01  0.1674175156836647E+00
  0.6338323690564849E+01  0.1694939490830299E+00
  0.6508851516197403E+01  0.1715599533861238E+00
  0.6681440078590164E+01  0.1736154014700906E+00
  0.6856078758232826E+01  0.1756601668616513E+00
  0.7032756809469880E+01  0.1776941237447134E+00
  0.7211463361161599E+01  0.1797171469682800E+00
  0.7392187417352979E+01  0.1817291120541680E+00
  0.7574917857950531E+01  0.1837298952046512E+00
  0.7759643439406162E+01  0.1857193733098514E+00
  0.7946352795409325E+01  0.1876974239556984E+00
  0.8135034437586157E+01  0.1896639254310881E+00
  0.8325676756206605E+01  0.1916187567357504E+00
  0.8518268020898525E+01  0.1935617975872019E+00
  0.8712796381369593E+01  0.1954929284287818E+00
  0.8909249868136580E+01  0.1974120304364308E+00
  0.9107616393261555E+01  0.1993189855262638E+00
  0.9307883751095947E+01  0.2012136763618415E+00
  0.9510039619031389E+01  0.2030959863612976E+00
  0.9714071558258016E+01  0.2049657997047462E+00
  0.9919967014529831E+01  0.2068230013409372E+00
  0.1012771331893713E+02  0.2086674769949203E+00
  0.1033729768868609E+02  0.2104991131745457E+00
  0.1054870722788529E+02  0.2123177971779264E+00
  0.1076192892833918E+02  0.2141234170998481E+00
  0.1097694967034847E+02  0.2159158618392095E+00
  0.1119375622351746E+02  0.2176950211054204E+00
  0.1141233524756808E+02  0.2194607854254404E+00
  0.1163267329316072E+02  0.2212130461503543E+00
  0.1185475680272180E+02  0.2229516954622196E+00
  0.1207857211127795E+02  0.2246766263805506E+00
  0.1230410544729684E+02  0.2263877327690585E+00
  0.1253134293353460E+02  0.2280849093418269E+00
  0.1276027058788959E+02  0.2297680516704982E+00
  0.1299087432426284E+02  0.2314370561898522E+00
  0.1322313995342466E+02  0.2330918202047107E+00
  0.1345705318388794E+02  0.2347322418961754E+00
  0.1369259962278718E+02  0.2363582203277537E+00
  0.1392976477676439E+02  0.2379696554518928E+00
  0.1416853405286077E+02  0.2395664481155379E+00
  0.1440889275941460E+02  0.2411485000668021E+00
  0.1465082610696518E+02  0.2427157139608256E+00
  0.1489431920916299E+02  0.2442679933656933E+00
  0.1513935708368558E+02  0.2458052427684337E+00
  0.1538592465315942E+02  0.2473273675808889E+00
  0.1563400674608760E+02  0.2488342741454226E+00
  0.1588358809778345E+02  0.2503258697410272E+00
  0.1613465335130977E+02  0.2518020625885397E+00
  0.1638718705842359E+02  0.2532627618568183E+00
  0.1664117368052687E+02  0.2547078776676320E+00
  0.1689659758962264E+02  0.2561373211020323E+00
  0.1715344306927641E+02  0.2575510042051874E+00
  0.1741169431558345E+02  0.2589488399921052E+00
  0.1767133543814104E+02  0.2603307424528183E+00
  0.1793235046102629E+02  0.2616966265578329E+00
  0.1819472332377913E+02  0.2630464082631463E+00
  0.1845843788239058E+02  0.2643800045156881E+00
  0.1872347791029594E+02  0.2656973332580774E+00
  0.1898982709937347E+02  0.2669983134342588E+00
  0.1925746906094767E+02  0.2682828649937478E+00
  0.1952638732679766E+02  0.2695509088971065E+00
  0.1979656535017065E+02  0.2708023671206702E+00
  0.2006798650679995E+02  0.2720371626611606E+00
  0.2034063409592779E+02  0.2732552195405808E+00
  0.2061449134133330E+02  0.2744564628110464E+00
  0.2088954139236416E+02  0.2756408185590466E+00
  0.2116576732497413E+02  0.2768082139101914E+00
  0.2144315214276379E+02  0.2779585770339152E+00
  0.2172167877802676E+02  0.2790918371472239E+00
  0.2200133009279962E+02  0.2802079245198177E+00
  0.2228208887991654E+02  0.2813067704780777E+00
  0.2256393786406815E+02  0.2823883074090763E+00
  0.2284685970286434E+02  0.2834524687648198E+00
  0.2313083698790137E+02  0.2844991890668568E+00
  0.2341585224583303E+02  0.2855284039096217E+00
  0.2370188793944600E+02  0.2865400499646374E+00
  0.2398892646873854E+02  0.2875340649845253E+00
  0.2427695017200378E+02  0.2885103878068147E+00
  0.2456594132691623E+02  0.2894689583575867E+00
  0.2485588215162238E+02  0.2904097176552056E+00
  0.2514675480583477E+02  0.2913326078140200E+00
  0.2543854139192983E+02  0.2922375720478564E+00
  0.2573122395604889E+02  0.2931245546736339E+00
  0.2602478448920313E+02  0.2939935011144889E+00
  0.2631920492838157E+02  0.2948443579035688E+00
  0.2661446715766261E+02  0.2956770726869175E+00
  0.2691055300932854E+02  0.2964915942269783E+00
  0.2720744426498358E+02  0.2972878724055367E+00
  0.2750512265667479E+02  0.2980658582270713E+00
  0.2780356986801614E+02  0.2988255038214360E+00
  0.2810276753531548E+02  0.2995667624469978E+00
  0.2840269724870457E+02  0.3002895884936867E+00
  0.2870334055327178E+02  0.3009939374852070E+00
  0.2900467895019761E+02  0.3016797660826436E+00
  0.2930669389789305E+02  0.3023470320862336E+00
  0.2960936681314030E+02  0.3029956944386508E+00
  0.2991267907223637E+02  0.3036257132272907E+00
  0.3021661201213895E+02  0.3042370496864613E+00
  0.3052114693161469E+02  0.3048296662002033E+00
  0.3082626509239002E+02  0.3054035263043375E+00
  0.3113194772030401E+02  0.3059585946888140E+00
  0.3143817600646366E+02  0.3064948371999181E+00
  0.3174493110840120E+02  0.3070122208419573E+00
  0.3205219415123345E+02  0.3075107137802481E+00
  0.3235994622882323E+02  0.3079902853418981E+00
  0.3266816840494263E+02  0.3084509060186140E+00
  0.3297684171443833E+02  0.3088925474679128E+00
  0.3328594716439824E+02  0.3093151825154180E+00
  0.3359546573532049E+02  0.3097187851559318E+00
  0.3390537838228344E+02  0.3101033305555353E+00
  0.3421566603611770E+02  0.3104687950527517E+00
  0.3452630960457937E+02  0.3108151561603743E+00
  0.3483728997352491E+02  0.3111423925665181E+00
  0.3514858800808707E+02  0.3114504841359623E+00
  0.3546018455385249E+02  0.3117394119117088E+00
  0.3577206043804014E+02  0.3120091581157117E+00
  0.3608419647068106E+02  0.3122597061503984E+00
  0.3639657344579917E+02  0.3124910405992378E+00
  0.3670917214259305E+02  0.3127031472280966E+00
  0.3702197332661848E+02  0.3128960129858284E+00
  0.3733495775097209E+02  0.3130696260052890E+00
  0.3764810615747559E+02  0.3132239756039139E+00
  0.3796139927786076E+02  0.3133590522845515E+00
  0.3827481783495501E+02  0.3134748477356609E+00
  0.3858834254386743E+02  0.3135713548323997E+00
  0.3890195411317567E+02  0.3136485676364800E+00
  0.3921563324611272E+02  0.3137064813970311E+00
  0.3952936064175427E+02  0.3137450925506140E+00
  0.3984311699620645E+02  0.3137643987213539E+00
  0.4015688300379350E+02  0.3137643987213176E+00
  0.4047063935824571E+02  0.3137450925506188E+00
  0.4078436675388726E+02  0.3137064813970695E+00
  0.4109804588682429E+02  0.3136485676365171E+00
  0.4141165745613254E+02  0.3135713548323824E+00
  0.4172518216504500E+02  0.3134748477356766E+00
  0.4203860072213923E+02  0.3133590522845371E+00
  0.4235189384252440E+02  0.3132239756039720E+00
  0.4266504224902791E+02  0.3130696260052702E+00
  0.4297802667338151E+02  0.3128960129858271E+00
  0.4329082785740693E+02  0.3127031472280952E+00
  0.4360342655420081E+02  0.3124910405991987E+00
  0.4391580352931894E+02  0.3122597061503767E+00
  0.4422793956195984E+02  0.3120091581157249E+00
  0.4453981544614751E+02  0.3117394119117177E+00
  0.4485141199191291E+02  0.3114504841359450E+00
  0.4516271002647509E+02  0.3111423925664945E+00
  0.4547369039542060E+02  0.3108151561603779E+00
  0.4578433396388228E+02  0.3104687950527794E+00
  0.4609462161771655E+02  0.3101033305554896E+00
  0.4640453426467950E+02  0.3097187851559379E+00
  0.4671405283560173E+02  0.3093151825154250E+00
  0.4702315828556167E+02  0.3088925474679380E+00
  0.4733183159505734E+02  0.3084509060186224E+00
  0.4764005377117679E+02  0.3079902853419319E+00
  0.4794780584876655E+02  0.3075107137802707E+00
  0.4825506889159880E+02  0.3070122208419849E+00
  0.4856182399353634E+02  0.3064948371998500E+00
  0.4886805227969599E+02  0.3059585946888166E+00
  0.4917373490760998E+02  0.3054035263043424E+00
  0.4947885306838531E+02  0.3048296662002231E+00
  0.4978338798786105E+02  0.3042370496865378E+00
  0.5008732092776364E+02  0.3036257132272457E+00
  0.5039063318685971E+02  0.3029956944387144E+00
  0.5069330610210698E+02  0.3023470320862363E+00
  0.5099532104980241E+02  0.3016797660825738E+00
  0.5129665944672822E+02  0.3009939374852463E+00
  0.5159730275129540E+02  0.3002895884936291E+00
  0.5189723246468450E+02  0.2995667624470060E+00
  0.5219643013198386E+02  0.2988255038213900E+00
  0.5249487734332520E+02  0.2980658582270537E+00
  0.5279255573501641E+02  0.2972878724055815E+00
  0.5308944699067145E+02  0.2964915942269685E+00
  0.5338553284233738E+02  0.2956770726868755E+00
  0.5368079507161841E+02  0.2948443579035773E+00
  0.5397521551079687E+02  0.2939935011144890E+00
  0.5426877604395111E+02  0.2931245546736140E+00
  0.5456145860807017E+02  0.2922375720479041E+00
  0.5485324519416520E+02  0.2913326078140351E+00
  0.5514411784837760E+02  0.2904097176551802E+00
  0.5543405867308380E+02  0.2894689583575719E+00
  0.5572304982799623E+02  0.2885103878068307E+00
  0.5601107353126146E+02  0.2875340649845211E+00
  0.5629811206055400E+02  0.2865400499646267E+00
  0.5658414775416696E+02  0.2855284039096454E+00
  0.5686916301209865E+02  0.2844991890669194E+00
  0.5715314029713565E+02  0.2834524687648899E+00
  0.5743606213593183E+02  0.2823883074089802E+00
  0.5771791112008344E+02  0.2813067704781180E+00
  0.5799866990720039E+02  0.2802079245198509E+00
  0.5827832122197322E+02  0.2790918371471746E+00
  0.5855684785723618E+02  0.2779585770338778E+00
  0.5883423267502585E+02  0.2768082139102286E+00
  0.5911045860763580E+02  0.2756408185590233E+00
  0.5938550865866672E+02  0.2744564628110411E+00
  0.5965936590407218E+02  0.2732552195405977E+00
  0.5993201349320010E+02  0.2720371626611531E+00
  0.6020343464982935E+02  0.2708023671207150E+00
  0.6047361267320234E+02  0.2695509088971497E+00
  0.6074253093905233E+02  0.2682828649936930E+00
  0.6101017290062651E+02  0.2669983134342758E+00
  0.6127652208970406E+02  0.2656973332580636E+00
  0.6154156211760943E+02  0.2643800045156153E+00
  0.6180527667622087E+02  0.2630464082631709E+00
  0.6206764953897370E+02  0.2616966265578028E+00
  0.6232866456185894E+02  0.2603307424528370E+00
  0.6258830568441658E+02  0.2589488399921273E+00
  0.6284655693072361E+02  0.2575510042052017E+00
  0.6310340241037743E+02  0.2561373211020729E+00
  0.6335882631947315E+02  0.2547078776676925E+00
  0.6361281294157644E+02  0.2532627618567200E+00
  0.6386534664869025E+02  0.2518020625885987E+00
  0.6411641190221656E+02  0.2503258697410263E+00
  0.6436599325391241E+02  0.2488342741454362E+00
  0.6461407534684059E+02  0.2473273675808586E+00
  0.6486064291631445E+02  0.2458052427683857E+00
  0.6510568079083703E+02  0.2442679933656572E+00
  0.6534917389303484E+02  0.2427157139607999E+00
  0.6559110724058542E+02  0.2411485000668257E+00
  0.6583146594713921E+02  0.2395664481155038E+00
  0.6607023522323563E+02  0.2379696554518475E+00
  0.6630740037721284E+02  0.2363582203278102E+00
  0.6654294681611208E+02  0.2347322418961742E+00
  0.6677686004657534E+02  0.2330918202046874E+00
  0.6700912567573721E+02  0.2314370561898070E+00
  0.6723972941211044E+02  0.2297680516704820E+00
  0.6746865706646541E+02  0.2280849093419258E+00
  0.6769589455270315E+02  0.2263877327689971E+00
  0.6792142788872204E+02  0.2246766263805345E+00
  0.6814524319727821E+02  0.2229516954622228E+00
  0.6836732670683926E+02  0.2212130461503882E+00
  0.6858766475243192E+02  0.2194607854254411E+00
  0.6880624377648253E+02  0.2176950211054045E+00
  0.6902305032965154E+02  0.2159158618391951E+00
  0.6923807107166083E+02  0.2141234170998575E+00
  0.6945129277211468E+02  0.2123177971778803E+00
  0.6966270231131389E+02  0.2104991131745834E+00
  0.6987228668106286E+02  0.2086674769949061E+00
  0.7008003298547015E+02  0.2068230013409077E+00
  0.7028592844174196E+02  0.2049657997047481E+00
  0.7048996038096858E+02  0.2030959863613252E+00
  0.7069211624890404E+02  0.2012136763618646E+00
  0.7089238360673845E+02  0.1993189855262806E+00
  0.7109075013186340E+02  0.1974120304364438E+00
  0.7128720361863039E+02  0.1954929284288158E+00
  0.7148173197910148E+02  0.1935617975872812E+00
  0.7167432324379340E+02  0.1916187567357095E+00
  0.7186496556241383E+02  0.1896639254311015E+00
  0.7205364720459067E+02  0.1876974239556854E+00
  0.7224035656059381E+02  0.1857193733098610E+00
  0.7242508214204948E+02  0.1837298952046622E+00
  0.7260781258264699E+02  0.1817291120542289E+00
  0.7278853663883839E+02  0.1797171469682769E+00
  0.7296724319053010E+02  0.1776941237447058E+00
  0.7314392124176717E+02  0.1756601668616355E+00
  0.7331855992140984E+02  0.1736154014701105E+00
  0.7349114848380259E+02  0.1715599533861251E+00
  0.7366167630943515E+02  0.1694939490829583E+00
  0.7383013290559609E+02  0.1674175156836504E+00
  0.7399650790701821E+02  0.1653307809526725E+00
  0.7416079107651667E+02  0.1632338732883833E+00
  0.7432297230561855E+02  0.1611269217153418E+00
  0.7448304161518507E+02  0.1590100558758239E+00
  0.7464098915602546E+02  0.1568834060222770E+00
  0.7479680520950313E+02  0.1547471030091271E+00
  0.7495048018813351E+02  0.1526012782848779E+00
  0.7510200463617410E+02  0.1504460638836845E+00
  0.7525136923020627E+02  0.1482815924176303E+00
  0.7539856477970883E+02  0.1461079970684663E+00
  0.7554358222762367E+02  0.1439254115791448E+00
  0.7568641265091304E+02  0.1417339702457668E+00
  0.7582704726110842E+02  0.1395338079096644E+00
  0.7596547740485150E+02  0.1373250599483976E+00
  0.7610169456442651E+02  0.1351078622681149E+00
  0.7623569035828430E+02  0.1328823512946444E+00
  0.7636745654155823E+02  0.1306486639654199E+00
  0.7649698500657121E+02  0.1284069377210120E+00
  0.7662426778333484E+02  0.1261573104966708E+00
  0.7674929704003966E+02  0.1238999207136406E+00
  0.7687206508353711E+02  0.1216349072710193E+00
  0.7699256435981277E+02  0.1193624095368143E+00
  0.7711078745445141E+02  0.1170825673395787E+00
  0.7722672709309299E+02  0.1147955209600012E+00
  0.7734037614188031E+02  0.1125014111216585E+00
  0.7745172760789808E+02  0.1102003789830108E+00
  0.7756077463960297E+02  0.1078925661283816E+00
  0.7766751052724550E+02  0.1055781145594170E+00
  0.7777192870328258E+02  0.1032571666861393E+00
  0.7787402274278190E+02  0.1009298653183105E+00
  0.7797378636381703E+02  0.9859635365671310E-01
  0.7807121342785416E+02  0.9625677528414910E-01
  0.7816629794012965E+02  0.9391127415681280E-01
  0.7825903405001904E+02  0.9155999459516670E-01
  0.7834941605139687E+02  0.8920308127564361E-01
  0.7843743838298808E+02  0.8684067922077829E-01
  0.7852309562870990E+02  0.8447293379127625E-01
  0.7860638251800532E+02  0.8209999067646248E-01
  0.7868729392616734E+02  0.7972199588554997E-01
  0.7876582487465438E+02  0.7733909573856969E-01
  0.7884197053139651E+02  0.7495143685740840E-01
  0.7891572621109302E+02  0.7255916615696734E-01
  0.7898708737550051E+02  0.7016243083573558E-01
  0.7905604963371241E+02  0.6776137836715096E-01
  0.7912260874242909E+02  0.6535615649014956E-01
  0.7918676060621910E+02  0.6294691320062175E-01
  0.7924850127777125E+02  0.6053379674182312E-01
  0.7930782695813772E+02  0.5811695559558688E-01
  0.7936473399696797E+02  0.5569653847318766E-01
  0.7941921889273358E+02  0.5327269430614365E-01
  0.7947127829294411E+02  0.5084557223742293E-01
  0.7952090899435396E+02  0.4841532161198771E-01
  0.7956810794316003E+02  0.4598209196850424E-01
  0.7961287223519062E+02  0.4354603302981271E-01
  0.7965519911608565E+02  0.4110729469462702E-01
  0.7969508598146793E+02  0.3866602702885617E-01
  0.7973253037710658E+02  0.3622238025779810E-01
  0.7976752999907262E+02  0.3377650475878155E-01
  0.7980008269388784E+02  0.3132855105540588E-01
  0.7983018645866896E+02  0.2887866981346229E-01
  0.7985783944127027E+02  0.2642701184310866E-01
  0.7988303994043170E+02  0.2397372810833447E-01
  0.7990578640594562E+02  0.2151896975785111E-01
  0.7992607743887376E+02  0.1906288820039040E-01
  0.7994391179188702E+02  0.1660563529339660E-01
  0.7995928836992319E+02  0.1414736384524410E-01
  0.7997220623174812E+02  0.1168822912140854E-01
  0.7998266459450562E+02  0.9228394217757044E-02
  0.7999066285066841E+02  0.6768054934601123E-02
  0.7999620065877326E+02  0.4307615240849702E-02
  0.7999927890815849E+02  0.1850548967070659E-02
