      -0.9997137267734413       0.0239262303917104       0.0007346344905053
      -0.9984919506395961       0.0548983106109324       0.0017093926535177
      -0.9962951347331260       0.0860000262040786       0.0026839253715536
      -0.9931249370374435       0.1170592133681658       0.0036559612013275
      -0.9889843952429918       0.1480198161255913       0.0046244500634216
      -0.9838775407060573       0.1788434647791209       0.0055884280038657
      -0.9778093584869190       0.2094966788648451       0.0065469484508455
      -0.9707857757637067       0.2399478642848443       0.0074990732554646
      -0.9628136542558158       0.2701663694440196       0.0084438714696689
      -0.9539007829254919       0.3001221356950094       0.0093804196536944
      -0.9440558701362556       0.3297855576905656       0.0103078025748696
      -0.9332885350430796       0.3591274291350388       0.0112251140231855
      -0.9216092981453343       0.3881189270984659       0.0121314576629795
      -0.9090295709825296       0.4167316151665460       0.0130259478929709
      -0.8955616449707268       0.4449374563433898       0.0139077107037200
      -0.8812186793850180       0.4727088312089430       0.0147758845274412
      -0.8660146884971640       0.5000185589627248       0.0156296210775460
      -0.8499645278795909       0.5268399200387384       0.0164680861761444
      -0.8330838798884000       0.5531466795255033       0.0172904605683238
      -0.8153892383391759       0.5789131109248249       0.0180959407221287
      -0.7968978923903142       0.6041140199530840       0.0188837396133746
      -0.7776279096494949       0.6287247681888769       0.0196530874944354
      -0.7575981185197072       0.6527212964316391       0.0204032326462096
      -0.7368280898020205       0.6760801476738579       0.0211334421125275
      -0.7153381175730563       0.6987784896138662       0.0218430024162469
      -0.6931491993558014       0.7207941366523533       0.0225312202563370
      -0.6702830156031409       0.7421055713265866       0.0231974231852535
      -0.6467619085141291       0.7626919651439638       0.0238409602659683
      -0.6226088602037078       0.7825331987819046       0.0244612027079575
      -0.5978474702471782       0.8016098816251265       0.0250575444815795
      -0.5725019326213806       0.8199033706143574       0.0256294029102076
      -0.5465970120650936       0.8373957883829557       0.0261762192395462
      -0.5201580198817628       0.8540700406598299       0.0266974591835707
      -0.4932107892081909       0.8699098329186959       0.0271926134465769
      -0.4657816497733576       0.8848996862551197       0.0276611982207926
      -0.4378974021720309       0.8990249524740604       0.0281027556591005
      -0.4095852916783010       0.9122718283717858       0.0285168543223953
      -0.3808729816246294       0.9246273691971079       0.0289030896011253
      -0.3517885263724219       0.9360795012779202       0.0292610841106380
      -0.3223603439005292       0.9466170338000117       0.0295904880599132
      -0.2926171880384719       0.9562296697260850       0.0298909795933323
      -0.2625881203715035       0.9649080158438735       0.0301622651051692
      -0.2323024818449742       0.9726435919331734       0.0304040795264551
      -0.2017898640957362       0.9794288390425434       0.0306161865839806
      -0.1710800805386039       0.9852571268673497       0.0307983790311519
      -0.1402031372361146       0.9901227602217572       0.0309504788504909
      -0.1091892035800614       0.9940209845981883       0.0310723374275662
      -0.0780685828134370       0.9969479908086989       0.0311638356962106
      -0.0468716824215918       0.9989009187036367       0.0312248842548488
      -0.0156289844215427       0.9998778599638813       0.0312554234538634
       0.0156289844215428       0.9998778599638813       0.0312554234538629
       0.0468716824215914       0.9989009187036367       0.0312248842548494
       0.0780685828134367       0.9969479908086989       0.0311638356962101
       0.1091892035800613       0.9940209845981884       0.0310723374275662
       0.1402031372361142       0.9901227602217572       0.0309504788504909
       0.1710800805386036       0.9852571268673497       0.0307983790311518
       0.2017898640957360       0.9794288390425434       0.0306161865839799
       0.2323024818449740       0.9726435919331734       0.0304040795264547
       0.2625881203715034       0.9649080158438735       0.0301622651051701
       0.2926171880384721       0.9562296697260849       0.0298909795933317
       0.3223603439005292       0.9466170338000117       0.0295904880599133
       0.3517885263724217       0.9360795012779203       0.0292610841106386
       0.3808729816246300       0.9246273691971076       0.0289030896011254
       0.4095852916783013       0.9122718283717857       0.0285168543223958
       0.4378974021720317       0.8990249524740601       0.0281027556591007
       0.4657816497733581       0.8848996862551195       0.0276611982207927
       0.4932107892081909       0.8699098329186959       0.0271926134465767
       0.5201580198817632       0.8540700406598297       0.0266974591835706
       0.5465970120650943       0.8373957883829553       0.0261762192395461
       0.5725019326213810       0.8199033706143570       0.0256294029102082
       0.5978474702471789       0.8016098816251260       0.0250575444815787
       0.6226088602037078       0.7825331987819046       0.0244612027079568
       0.6467619085141295       0.7626919651439634       0.0238409602659687
       0.6702830156031409       0.7421055713265866       0.0231974231852546
       0.6931491993558022       0.7207941366523526       0.0225312202563359
       0.7153381175730565       0.6987784896138660       0.0218430024162475
       0.7368280898020210       0.6760801476738575       0.0211334421125278
       0.7575981185197072       0.6527212964316391       0.0204032326462092
       0.7776279096494954       0.6287247681888763       0.0196530874944346
       0.7968978923903151       0.6041140199530829       0.0188837396133747
       0.8153892383391764       0.5789131109248241       0.0180959407221298
       0.8330838798884005       0.5531466795255027       0.0172904605683240
       0.8499645278795913       0.5268399200387376       0.0164680861761446
       0.8660146884971649       0.5000185589627233       0.0156296210775459
       0.8812186793850186       0.4727088312089417       0.0147758845274422
       0.8955616449707274       0.4449374563433885       0.0139077107037200
       0.9090295709825295       0.4167316151665463       0.0130259478929716
       0.9216092981453338       0.3881189270984672       0.0121314576629799
       0.9332885350430794       0.3591274291350394       0.0112251140231855
       0.9440558701362558       0.3297855576905649       0.0103078025748698
       0.9539007829254919       0.3001221356950094       0.0093804196536943
       0.9628136542558152       0.2701663694440214       0.0084438714696689
       0.9707857757637062       0.2399478642848467       0.0074990732554643
       0.9778093584869185       0.2094966788648472       0.0065469484508450
       0.9838775407060568       0.1788434647791234       0.0055884280038661
       0.9889843952429915       0.1480198161255928       0.0046244500634218
       0.9931249370374433       0.1170592133681677       0.0036559612013268
       0.9962951347331249       0.0860000262040915       0.0026839253715528
       0.9984919506395957       0.0548983106109385       0.0017093926535184
       0.9997137267734411       0.0239262303917197       0.0007346344905059
