       0.0005724966578313       0.0000000004815368
       0.0030164303093798       0.0000000311180038
       0.0074131709934875       0.0000002953041686
       0.0137635521110013       0.0000013880288611
       0.0220674864694388       0.0000045194290342
       0.0323247321983828       0.0000117380654755
       0.0445349647640256       0.0000261538161916
       0.0586977903989947       0.0000521602856952
       0.0748127496815414       0.0000956566286200
       0.0928793187361805       0.0001642686863003
       0.1128969097121555       0.0002675693351814
       0.1348648710040905       0.0004172979461917
       0.1587824873693862       0.0006275788545418
       0.1846489800010502       0.0009151387396986
       0.2124635065801428       0.0012995228157156
       0.2422251613185438       0.0018033097325080
       0.2739329749975852       0.0024523250889206
       0.3075859150055180       0.0032758534593402
       0.3431828853746808       0.0043068488356414
       0.3807227268195348       0.0055821433868440
       0.4202042167760993       0.0071426544401620
       0.4616260694427012       0.0090335895863472
       0.5049869358229628       0.0113046498145020
       0.5502854037699976       0.0140102305806665
       0.5975199980328227       0.0172096207164773
       0.6466891803046906       0.0209671990842337
       0.6977913492736434       0.0253526288850582
       0.7508248406745111       0.0304410495295187
       0.8057879273433741       0.0363132659778271
       0.8626788192740023       0.0430559354614202
       0.9214956636760334       0.0507617514943302
       0.9822365450354908       0.0595296250879213
       1.0448994851771758       0.0694648630808629
       1.1094824433291919       0.0806793434965489
       1.1759833161893027       0.0932916878456481
       1.2443999379936059       0.1074274302852943
       1.3147300805869548       0.1232191835558997
       1.3869714534956827       0.1408068016097383
       1.4611217040020676       0.1603375388522509
       1.5371784172210852       0.1819662059161738
       1.6151391161789022       0.2058553218891768
       1.6950012618937791       0.2321752629166813
       1.7767622534585925       0.2611044071065076
       1.8604194281255246       0.2928292756566452
       1.9459700613929911       0.3275446701360270
       2.0334113670940752       0.3654538058433098
       2.1227404974875981       0.4067684411743572
       2.2139545433506811       0.4517090029264700
       2.3070505340733547       0.5005047074767212
       2.4020254377556540       0.5533936777605160
       2.4988761613061286       0.6106230559870975
       2.5975995505424549       0.6724491120365039
       2.6981923902946860       0.7391373474605540
       2.8006514045091535       0.8109625950365983
       2.9049732563559729       0.8882091138227205
       3.0111545483372595       0.9711706796298202
       3.1191918223977950       1.0601506708905870
       3.2290815600378124       1.1554621498368327
       3.3408201824274357       1.2574279389586289
       3.4544040505233440       1.3663806926759372
       3.5698294651872686       1.4826629641833522
       3.6870926673063735       1.6066272674187130
       3.8061898379158237       1.7386361341003347
       3.9271170983229879       1.8790621658089970
       4.0498705102339017       2.0282880810388653
       4.1744460758814981       2.1867067572193584
       4.3008397381557089       2.3547212676230522
       4.4290473807357884       2.5327449131716766
       4.5590648282241304       2.7212012490355879
       4.6908878462825001       2.9205241060884304
       4.8245121417696808       3.1311576070774376
       4.9599333628814577       3.3535561775877083
       5.0971470992923500       3.5881845516586455
       5.2361488822991831       3.8355177721411962
       5.3769341849666432       4.0960411856709618
       5.5194984222747152       4.3702504323134086
       5.6638369512679603       4.6586514297904813
       5.8099450712067480       4.9617603523412148
       5.9578180237204350       5.2801036041402520
       6.1074509929621712       5.6142177872766394
       6.2588391057658939       5.9646496643188147
       6.4119774318050062       6.3319561153788424
       6.5668609837527754       6.7167040897224162
       6.7234847174449186       7.1194705519390409
       6.8818435320440088       7.5408424225755093
       7.0419322702052369       7.9814165133046213
       7.2037457182446758       8.4417994566491910
       7.3672786063089646       8.9226076301587316
       7.5325256085469192       9.4244670751379278
       7.6994813432830398       9.9480134098864514
       7.8681403731926949      10.4938917374941560
       8.0384972054792172      11.0627565481210173
       8.2105462920529817      11.6552716158703475
       8.3842820297118266      12.2721098902070640
       8.5596987603236911      12.9139533819313908
       8.7367907710106465      13.5814930437708394
       8.9155522943354768      14.2754286455827373
       9.0959775084889145      14.9964686441176447
       9.2780605374796465      15.7453300475751998
       9.4617954513253650      16.5227382746440732
       9.6471762662462694      17.3294270084272881
       9.8341969448596842      18.1661380449729855
      10.0228513963766304      19.0336211366045447
      10.2131334768003512      19.9326338300489141
      10.4050369891264722      20.8639412993917972
      10.5985556835444257      21.8283161738929756
      10.7936832576414901      22.8265383605996917
      10.9904133566076752      23.8593948621442600
      11.1887395734430442      24.9276795892513121
      11.3886554491658032      26.0321931683373577
      11.5901544730232828      27.1737427443922890
      11.7932300827036158      28.3531417786205076
      11.9978756645495466      29.5712098415307771
      12.2040845537736544      30.8287724011089637
      12.4118500346759362      32.1266606062889579
      12.6211653408617437      33.4657110656704830
      12.8320236554627201      34.8467656218394310
      13.0444181113587092      36.2706711207870001
      13.2583417914012074      37.7382791771406687
      13.4737877286388184      39.2504459347038122
      13.6907489065441439      40.8080318228222509
      13.9092182592421096      42.4119013082290905
      14.1291886717403301      44.0629226428425582
      14.3506529801606675      45.7619676071732329
      14.5736039719725952      47.5099112499087255
      14.7980343862280108      49.3076316230119502
      15.0239369137979750      51.1560095134163504
      15.2513041976103523      53.0559281702611401
      15.4801288328897044      55.0082730287708372
      15.7104033673982642      57.0139314300976991
      15.9421203016788482      59.0737923377085750
      16.1752720892989714      61.1887460499130427
      16.4098511370964175      63.3596839093098012
      16.6458498054269768      65.5874980084420400
      16.8832604084129017      67.8730808922576472
      17.1220752141932948      70.2173252574690849
      17.3622864451759042      72.6211236484438274
      17.6038862782906094      75.0853681504347747
      17.8468668452438450      77.6109500794705980
      18.0912202327751785      80.1987596695502987
      18.3369384829148458      82.8496857570200547
      18.5840135932429789      85.5646154623488258
      18.8324375171502112      88.3444338689930078
      19.0822021640997477      91.1900237002385836
      19.3332993998908194      94.1022649932171333
      19.5857210469237515      97.0820347708221192
      19.8394588844659481     100.1302067113523435
      20.0945046489199868     103.2476508160995223
      20.3508500340924456     106.4352330750833886
      20.6084866914647620     109.6938151304168798
      20.8674062304647236     113.0242539384253320
      21.1276002187399712     116.4274014298266451
      21.3890601824326367     119.9041041682449702
      21.6517776064551555     123.4552030074593603
      21.9157439347676686     127.0815327471411535
      22.1809505706568260     130.7839217873361690
      22.4473888770153138     134.5631917821001480
      22.7150501766237767     138.4201572914836333
      22.9839257524327820     142.3556254330850663
      23.2540068478472151     146.3703955329923758
      23.5252846670111921     150.4652587751118062
      23.7977503750944948     154.6409978509684890
      24.0713950985803748     158.8983866083177077
      24.3462099255546249     163.2381896997567026
      24.6221859059957993     167.6611622310233827
      24.8993140520663800     172.1680494089817159
      25.1775853384059758     176.7595861895622988
      25.4569907024249602     181.4364969269203129
      25.7375210445997880     186.1994950201752488
      26.0191672287688291     191.0492825639375098
      26.3019200824307262     195.9865499965575282
      26.5857703970425732     201.0119757502275490
      26.8707089283198144     206.1262259012780191
      27.1567263965375574     211.3299538217126496
      27.4438134868327737     216.6237998313292508
      27.7319608495074306     222.0083908509249113
      28.0211591003331009     227.4843400571005532
      28.3113988208566241     233.0522465371787462
      28.6026705587068406     238.7126949472854562
      28.8949648279023492     244.4662551703525821
      29.1882721091605788     250.3134819767421391
      29.4825828502076952     256.2549146857230085
      29.7778874660897159     262.2910768302047018
      30.0741763394845556     268.4224758217638964
      30.3714398210156524     274.6496026193248099
      30.6696682295655805     280.9729313990491164
      30.9688518525920280     287.3929192269954456
      31.2689809464436408     293.9100057339670684
      31.5700457366772085     300.5246127932736613
      31.8720364183766875     307.2371442013825344
      32.1749431564717838     314.0479853601779610
      32.4787560860588087     320.9575029637682064
      32.7834653127215958     327.9660446870954615
      33.0890609128538671     335.0739388784178345
      33.3955329339823948     342.2814942547865371
      33.7028713950910941     349.5889996004949580
      34.0110662869463596     356.9967234702635892
      34.3201075724224864     364.5049138942089257
      34.6299851868291526     372.1137980881285330
      34.9406890382387161     379.8235821670360792
      35.2522090078152530     387.6344508627680057
      35.5645349501438517     395.5465672442087453
      35.8776566935611001     403.5600724445468472
      36.1915640404864831     411.6750853904890164
      36.5062467677542202     419.8917025363254538
      36.8216946269464245     428.2099976025899650
      37.1378973447268592     436.6300213199686482
      37.4548446231753900     445.1518011765649021
      37.7725261401234178     453.7753411712182583
      38.0909315494901222     462.5006215707012984
      38.4100504816193435     471.3275986723113533
      38.7298725436172475     480.2562045721995219
      39.0503873196908131     489.2863469374977967
      39.3715843714871596     498.4179087846385983
      39.6934532384334275     507.6507482627101240
      40.0159834380773276     516.9846984431330839
      40.3391644664288052     526.4195671131593599
      40.6629857983018042     535.9551365767185871
      40.9874368876573030     545.5911634597894135
      41.3125071679466487     555.3273785226997461
      41.6381860524557510     565.1634864772905757
      41.9644629346497737     575.0991658100541599
      42.2913271885186077     585.1340686131597977
      42.6187681689229976     595.2678204187806159
      42.9467752119411159     605.5000200422168746
      43.2753376352159265     615.8302394296671309
      43.6044447383030871     626.2580235129711355
      43.9340858030193715     636.7828900718482146
      44.2642500937918300     647.4043296001329963
      44.5949268580073479     658.1218051809847793
      44.9261053263628298     668.9347523683923100
      45.2577747132159871     679.8425790743310699
      45.5899242169365095     690.8446654635608866
      45.9225430202579545     701.9403638553880000
      46.2556202906299916     713.1289986318325873
      46.5891451805710659     724.4098661535549581
      46.9231068280219361     735.7822346824976876
      47.2574943566992047     747.2453443107259545
      47.5922968764495948     758.7984068986643251
      47.9275034836046387     770.4406060178436064
      48.2631032613358002     782.1710969036637380
      48.5990852800099518     793.9890064132648604
      48.9354385975452857     805.8934329920675737
      49.2721522597678216     817.8834466472883378
      49.6092153007680281     829.9580889294346662
      49.9466167432579766     842.1163729199436148
      50.2843455989289367     854.3572832287032952
      50.6223908688090560     866.6797759969291519
      50.9607415436217366     879.0827789080302637
      51.2993866041441464     891.5651912090575024
      51.6383150215659299     904.1258837347372719
      51.9775157578487494     916.7636989432289738
      52.3169777660852304     929.4774509595378049
      52.6566899908592490     942.2659256232735743
      52.9966413686057649     955.1278805480842493
      53.3368208279710245     968.0620451881148938
      53.6772172901732390     981.0671209084511020
      54.0178196693635257     994.1417810708804836
      54.3586168729866372    1007.2846711192850080
      54.6995978021424705    1020.4944086799341676
      55.0407513519475060    1033.7695836638813489
      55.3820664118962895    1047.1087583823491514
      55.7235318662234249    1060.5104676659614142
      56.0651365942656739    1073.9732189948365431
      56.4068694708238496    1087.4954926348532354
      56.7487193665252931    1101.0757417812908443
      57.0906751481865200    1114.7123927140269188
      57.4327256791753982    1128.4038449546765150
      57.7748598197740790    1142.1484714386820087
      58.1170664275419000    1155.9446186881480116
      58.4593343576779674    1169.7906069983189354
      58.8016524633843929    1183.6847306294357622
      59.1440095962291394    1197.6252580045793366
      59.4863946065091724    1211.6104319202240731
      59.8287963436135186    1225.6384697598373350
      60.1712036563864956    1239.7075637176849341
      60.5136053934908347    1253.8158810297422860
      60.8559904037708463    1267.9615642128565014
      61.1983475366156213    1282.1427313111196327
      61.5406656423220184    1296.3574761491763638
      61.8829335724581355    1310.6038685951170919
      62.2251401802259423    1324.8799548285428500
      62.5672743208246160    1339.1837576188029288
      62.9093248518134800    1353.5132766077558699
      63.2512806334746998    1367.8664886036453936
      63.5931305291761291    1382.2413478774737996
      63.9348634057343261    1396.6357864727756350
      64.2764681337765609    1411.0477145169436426
      64.6179335881037673    1425.4750205439454476
      64.9592486480525366    1439.9155718215927209
      65.3004021978575508    1454.3672146874534974
      65.6413831270133983    1468.8277748917889767
      65.9821803306365382    1483.2950579471500987
      66.3227827098267682    1497.7668494836609625
      66.6631791720290039    1512.2409156139244715
      67.0033586313942493    1526.7150033030288796
      67.3433100091407653    1541.1868407445520006
      67.6830222339147980    1555.6541377449402717
      68.0224842421512790    1570.1145861143597813
      68.3616849784340275    1584.5658600623046368
      68.7006133958558394    1599.0056166017045598
      69.0392584563782776    1613.4314959586306486
      69.3776091311909653    1627.8411219870286004
      69.7156544010710917    1642.2321025922515219
      70.0533832567420234    1656.6020301580952037
      70.3907846992320145    1670.9484819818071628
      70.7278477402322210    1685.2690207144432861
      71.0645614024547427    1699.5611948051825948
      71.4009147199900838    1713.8225389557244398
      71.7368967386642140    1728.0505745753475821
      72.0724965163953470    1742.2428102447290712
      72.4077031235504336    1756.3967421841468877
      72.7425056433008592    1770.5098547289296675
      73.0768931719780994    1784.5796208040221700
      73.4108548194289909    1798.6035024128091209
      73.7443797093700510    1812.5789511255259185
      74.0774569797420668    1826.5034085696295278
      74.4100757830635473    1840.3743069323395503
      74.7422252867840484    1854.1890694640558195
      75.0738946736372270    1867.9451109834708404
      75.4050731419927018    1881.6398383945825117
      75.7357499062082127    1895.2706511998133010
      76.0659141969806853    1908.8349420226541042
      76.3955552616969840    1922.3300971353748992
      76.7246623647840948    1935.7534969841103702
      77.0532247880588841    1949.1025167243060423
      77.3812318310770166    1962.3745267586834871
      77.7086728114814207    1975.5668932766284343
      78.0355370653502405    1988.6769787956991422
      78.3618139475442632    2001.7021427164497709
      78.6874928320533371    2014.6397418642770845
      79.0125631123427041    2027.4871310500086565
      79.3370142016982101    2040.2416636215184553
      79.6608355335711877    2052.9006920295169039
      79.9840165619226440    2065.4615683834872470
      80.3065467615665511    2077.9216450209046343
      80.6284156285127978    2090.2782750719466094
      80.9496126803091727    2102.5288130319077027
      81.2701274563827383    2114.6706153325358173
      81.5899495183806209    2126.7010409120848635
      81.9090684505098210    2138.6174517964668667
      82.2274738598765538    2150.4172136737070105
      82.5451553768245816    2162.0976964742362725
      82.8621026552731337    2173.6562749493177762
      83.1783053730535755    2185.0903292584362134
      83.4937532322457798    2196.3972455453640578
      83.8084359595135027    2207.5744165272162718
      84.1223433064388644    2218.6192420781035253
      84.4354650498561341    2229.5291298150455077
      84.7477909921847186    2240.3014956834949771
      85.0593109617612697    2250.9337645454729682
      85.3700148131708687    2261.4233707667372073
      85.6798924275774709    2271.7677588034948712
      85.9889337130536262    2281.9643837896082914
      86.2971286049088491    2292.0107121238470427
      86.6044670660176195    2301.9042220577380249
      86.9109390871461329    2311.6424042817384361
      87.2165346872783402    2321.2227625112736860
      87.5212439139411487    2330.6428140698180869
      87.8250568435282162    2339.9000904771796741
      88.1279635816233338    2348.9921380288624277
      88.4299542633227986    2357.9165183808177062
      88.7310190535563805    2366.6708091300324668
      89.0311481474078903    2375.2526043914062939
      89.3303317704343272    2383.6595153799830769
      89.6285601789843440    2391.8891709816348339
      89.9258236605154053    2399.9392183324121106
      90.2221125339103196    2407.8073233832501501
      90.5174171497923226    2415.4911714789996040
      90.8117278908394212    2422.9884679181441243
      91.1050351720976721    2430.2969385200435681
      91.3973294412932091    2437.4143301908065951
      91.6886011791434044    2444.3384114743271311
      91.9788408996669489    2451.0669731173388755
      92.2680391504926263    2457.5978286181757539
      92.5561865131672334    2463.9288147778934217
      92.8432736034624497    2470.0577922436445988
      93.1292910716802851    2475.9826460585395580
      93.4142296029574908    2481.7012861973994404
      93.6980799175692880    2487.2116480982358553
      93.9808327712311780    2492.5116932019068372
      94.2624789554002405    2497.5994094743318783
      94.5430092975749687    2502.4728119282631269
      94.8224146615939532    2507.1299431501215622
      95.1006859479336271    2511.5688738038952579
      95.3778140940042647    2515.7877031483844803
      95.6537900744453964    2519.7845595382527790
      95.9286049014196749    2523.5576009282658561
      96.2022496249055763    2527.1050153597866483
      96.4747153329888647    2530.4250214569419768
      96.7459931521527636    2533.5158689134950691
      97.0160742475672180    2536.3758389615873057
      97.2849498233762660    2539.0032448556116833
      97.5526111229847288    2541.3964323293712368
      97.8190494293432664    2543.5537800670090292
      98.0842560652323101    2545.4737001519820296
      98.3482223935448587    2547.1546385185415602
      98.6109398175673846    2548.5950753952320156
      98.8723997812600146    2549.7935257415451815
      99.1325937695352764    2550.7485396777492497
      99.3915133085352238    2551.4587029066397008
      99.6491499659075544    2551.9226371333506904
      99.9054953510800487    2552.1390004737750132
     100.1605411155340448    2552.1064878594334004
     100.4142789530763054    2551.8238314271638956
     100.6667006001091522    2551.2898009186019408
     100.9177978359002736    2550.5032040489568317
     101.1675624828498599    2549.4628868919603519
     101.4159864067570567    2548.1677342408943332
     101.6630615170851684    2546.6166699633981807
     101.9087797672248143    2544.8086573631157989
     102.1531331547561621    2542.7426995150049152
     102.3961137217093693    2540.4178395999815621
     102.6377135548240602    2537.8331612358379061
     102.8779247858066697    2534.9877887966695198
     103.1167395915870486    2531.8808877207306978
     103.3541501945729948    2528.5116648136099684
     103.5901488629035896    2524.8793685422401722
     103.8247279107010286    2520.9832893225357111
     104.0578796983211021    2516.8227597943350702
     104.2895966326017003    2512.3971550903120260
     104.5198711671102956    2507.7058930919920385
     104.7486958023895909    2502.7484346899818775
     104.9760630862019752    2497.5242840116025036
     105.2019656137719323    2492.0329886686249665
     105.4263960280273693    2486.2741399695596556
     105.6493470198393538    2480.2473731373515875
     105.8708113282596770    2473.9523675187469962
     106.0907817407578762    2467.3888467757851686
     106.3092510934558845    2460.5565790707273663
     106.5262122713611177    2453.4553772517169818
     106.7416582085987642    2446.0850990100802846
     106.9555818886412339    2438.4456470453010297
     107.1679763445372373    2430.5369692150247829
     107.3788346591381924    2422.3590586656850974
     107.5881499653240212    2413.9119539700932364
     107.7959154462262177    2405.1957392427430023
     108.0021243354504179    2396.2105442507727275
     108.2067699172963273    2386.9565445182292933
     108.4098455269766816    2377.4339614038672153
     108.6113445508341755    2367.6430621968183914
     108.8112604265569843    2357.5841601733036441
     109.0095866433923106    2347.2576146688256813
     109.2063167423584957    2336.6638311170022462
     109.4014443164555956    2325.8032610983123050
     109.5949630108735420    2314.6764023649470801
     109.7868665231996204    2303.2837988680003036
     109.9771486036233910    2291.6260407550562377
     110.1658030551403158    2279.7037643823332473
     110.3528237337536666    2267.5176522967558412
     110.5382045486746563    2255.0684332185574021
     110.7219394625204103    2242.3568820110181150
     110.9040224915111139    2229.3838196369179059
     111.0844477056645445    2216.1501131106865614
     111.2632092289893535    2202.6566754315363141
     111.4403012396763586    2188.9044655195884843
     111.6157179702881592    2174.8944881309375887
     111.7894537079469899    2160.6277937598856624
     111.9615027945207402    2146.1054785470464594
     112.1318596268073122    2131.3286841645535787
     112.3005186567169460    2116.2985976829349966
     112.4674743914530382    2101.0164514557891380
     112.6327213936909573    2085.4835229636314580
     112.7962542817552958    2069.7011346677290931
     112.9580677297946920    2053.6706538446355808
     113.1181564679559699    2037.3934924155576027
     113.2765152825550103    2020.8711067613262458
     113.4331390162471962    2004.1049975273888322
     113.5880225681949867    1987.0967094269944937
     113.7411608942340706    1969.8478310268033056
     113.8925490070378004    1952.3599945150783697
     114.0421819762795792    1934.6348754832740724
     114.1900549287932165    1916.6741926748725291
     114.3361630487320468    1898.4797077317343792
     114.4805015777252777    1880.0532249386683361
     114.6230658150333284    1861.3965909463559001
     114.7638511177007814    1842.5116944956519092
     114.9028529007076429    1823.4004661181961637
     115.0400666371185423    1804.0648778463980761
     115.1754878582303405    1784.5069428961837730
     115.3091121537175070    1764.7287153482047870
     115.4409351717758483    1744.7322898260003967
     115.5709526192642045    1724.5198011508866784
     115.6991602618442414    1704.0934239971488751
     115.8255539241185090    1683.4553725401590327
     115.9501294897660699    1662.6079000838381035
     116.0728829016770192    1641.5532986960331527
     116.1938101620841621    1620.2938988133059866
     116.3129073326936123    1598.8320688634398721
     116.4301705348127030    1577.1702148542722171
     116.5455959494766489    1555.3107799672095553
     116.6591798175725785    1533.2562441432969536
     116.7709184399621876    1511.0091236563976054
     116.8808081776022334    1488.5719706713155119
     116.9888454516627121    1465.9473728119976386
     117.0950267436439987    1443.1379527027111180
     117.1993485954908323    1420.1463675149968822
     117.3018076097053495    1396.9753084954081714
     117.4024004494575024    1373.6275004945555338
     117.5011238386938714    1350.1057014816942683
     117.5979745622443318    1326.4127020597495630
     117.6929494659266311    1302.5513249612247364
     117.7860454566493615    1278.5244245462488379
     117.8772595025123735    1254.3348862906136674
     117.9665886329059532    1229.9856262682262695
     118.0540299386070444    1205.4795906167173598
     118.1395805718745180    1180.8197550115232843
     118.2232377465414288    1156.0091241234620156
     118.3049987381062351    1131.0507310676930501
     118.3848608838211049    1105.9476368554046530
     118.4628215827789717    1080.7029298307286354
     118.5388782959979608    1055.3197251030521784
     118.6130285465043528    1029.8011639748515336
     118.6852699194131162    1004.1504133641492444
     118.7556000620064509     978.3706652224148002
     118.8240166838107399     952.4651359291766539
     118.8905175566708579     926.4370657205623729
     118.9551005148228171     900.2897180608625831
     119.0177634549645376     874.0263790565722957
     119.0785043363239737     847.6503568290278281
     119.1373211807259906     821.1649809042620518
     119.1942120726566259     794.5736015906505827
     119.2491751593254889     767.8795893448748302
     119.3022086507263850     741.0863341471608692
     119.3533108196953378     714.1972448617882492
     119.4024800019672199     687.2157485927416474
     119.4497145962299953     660.1452900478060428
     119.4950130641769874     632.9893308756262513
     119.5383739305572846     605.7513490270728198
     119.5797957832239433     578.4348380896958588
     119.6192772731804723     551.0433066335656349
     119.6568171146253121     523.5802775478114199
     119.6924140849944678     496.0492873723695197
     119.7260670250024219     468.4538856386956809
     119.7577748386814562     440.7976342027523060
     119.7875364934198217     413.0841065825241003
     119.8153510199989000     385.3168872951351887
     119.8412175126306209     357.4995712220158453
     119.8651351289959024     329.6357629863658190
     119.8871030902878232     301.7290763789339394
     119.9071206812638479     273.7831339056813817
     119.9251872503184728     245.8015665405159780
     119.9413022096010195     217.7880140071767130
     119.9554650352359886     189.7461263443582880
     119.9676752678016101     161.6795690628491684
     119.9779325135305612     133.5920397690652237
     119.9862364478890129     105.4873290035066873
     119.9925868290065267      77.3696040332001473
     119.9969835696906415      49.2454142605325771
     119.9994275033421758      21.1564072088808572
