  0.57249666E-03  -0.11116015E+02  -0.11116015E+02  -0.11116015E+02
  0.30164303E-02  -0.63614183E+01  -0.63614184E+01  -0.63614183E+01
  0.74131710E-02  -0.60285745E+01  -0.60285767E+01  -0.60285745E+01
  0.13763552E-01  -0.60224486E+01  -0.60224586E+01  -0.60224486E+01
  0.22067486E-01  -0.58747253E+01  -0.58747553E+01  -0.58747253E+01
  0.32324732E-01  -0.57085868E+01  -0.57086566E+01  -0.57085868E+01
  0.44534965E-01  -0.56263489E+01  -0.56264854E+01  -0.56263489E+01
  0.58697790E-01  -0.54924391E+01  -0.54926738E+01  -0.54924391E+01
  0.74812750E-01  -0.53283272E+01  -0.53286932E+01  -0.53283272E+01
  0.92879319E-01  -0.51773207E+01  -0.51778491E+01  -0.51773207E+01
  0.11289691E+00  -0.50246806E+01  -0.50254010E+01  -0.50246806E+01
  0.13486487E+00  -0.48567886E+01  -0.48577338E+01  -0.48567886E+01
  0.15878249E+00  -0.46891091E+01  -0.46903222E+01  -0.46891091E+01
  0.18464898E+00  -0.45388796E+01  -0.45404326E+01  -0.45388796E+01
  0.21246351E+00  -0.43833023E+01  -0.43853183E+01  -0.43833023E+01
  0.24222516E+00  -0.42265579E+01  -0.42292454E+01  -0.42265579E+01
  0.27393297E+00  -0.40832763E+01  -0.40870096E+01  -0.40832763E+01
  0.30758592E+00  -0.39381671E+01  -0.39435551E+01  -0.39381671E+01
  0.34318289E+00  -0.37879355E+01  -0.37959246E+01  -0.37879355E+01
  0.38072273E+00  -0.36356790E+01  -0.36476685E+01  -0.36356790E+01
  0.42020422E+00  -0.34785956E+01  -0.34963125E+01  -0.34785956E+01
  0.46162607E+00  -0.33093928E+01  -0.33342320E+01  -0.33093928E+01
  0.50498694E+00  -0.31303391E+01  -0.31625324E+01  -0.31303391E+01
  0.55028540E+00  -0.29548143E+01  -0.29918200E+01  -0.29548143E+01
  0.59752000E+00  -0.27839306E+01  -0.28203363E+01  -0.27839306E+01
  0.64668918E+00  -0.26298027E+01  -0.26556577E+01  -0.26298027E+01
  0.69779135E+00  -0.25099953E+01  -0.25083716E+01  -0.25099953E+01
  0.75082484E+00  -0.24273647E+01  -0.23790644E+01  -0.24273647E+01
  0.80578793E+00  -0.23752161E+01  -0.22642131E+01  -0.23752161E+01
  0.86267882E+00  -0.23514752E+01  -0.21623670E+01  -0.23514752E+01
  0.92149566E+00  -0.23623809E+01  -0.20735762E+01  -0.23623809E+01
  0.98223655E+00  -0.24108408E+01  -0.19915355E+01  -0.24108408E+01
  0.10448995E+01  -0.25076324E+01  -0.19151301E+01  -0.25076324E+01
  0.11094824E+01  -0.26711720E+01  -0.18452184E+01  -0.26711720E+01
  0.11759833E+01  -0.29193680E+01  -0.17802356E+01  -0.29193680E+01
  0.12443999E+01  -0.32736566E+01  -0.17189363E+01  -0.32736566E+01
  0.13147301E+01  -0.37676344E+01  -0.16614058E+01  -0.37676344E+01
  0.13869715E+01  -0.44642611E+01  -0.16090672E+01  -0.44642611E+01
  0.14611217E+01  -0.54261677E+01  -0.15598543E+01  -0.54261677E+01
  0.15371784E+01  -0.67669483E+01  -0.15137254E+01  -0.67669483E+01
  0.16151391E+01  -0.87112369E+01  -0.14712614E+01  -0.87112369E+01
  0.16950013E+01  -0.11683704E+02  -0.14321758E+01  -0.11683704E+02
  0.17767623E+01  -0.16396991E+02  -0.13955607E+01  -0.16396991E+02
  0.18604194E+01  -0.24083293E+02  -0.13612841E+01  -0.24083293E+02
  0.19459701E+01  -0.37648820E+02  -0.13299988E+01  -0.37648820E+02
  0.20334114E+01  -0.65657455E+02  -0.13007379E+01  -0.65657455E+02
  0.21227405E+01  -0.14530700E+03  -0.12731436E+01  -0.14530700E+03
  0.22139545E+01  -0.35672025E+03  -0.12472784E+01  -0.35672025E+03
  0.23070505E+01  -0.14022539E+03  -0.12236249E+01  -0.14022539E+03
  0.24020254E+01  -0.68820982E+02  -0.12009491E+01  -0.68820982E+02
  0.24988762E+01  -0.41759602E+02  -0.11795027E+01  -0.41759602E+02
  0.25975996E+01  -0.27607930E+02  -0.11592882E+01  -0.27607930E+02
  0.26981924E+01  -0.19494811E+02  -0.11403416E+01  -0.19494811E+02
  0.28006514E+01  -0.14478506E+02  -0.11221993E+01  -0.14478506E+02
  0.29049733E+01  -0.11169320E+02  -0.11048041E+01  -0.11169320E+02
  0.30111545E+01  -0.88933810E+01  -0.10882870E+01  -0.88933810E+01
  0.31191918E+01  -0.72442010E+01  -0.10725948E+01  -0.72442010E+01
  0.32290816E+01  -0.59997737E+01  -0.10574571E+01  -0.59997737E+01
  0.33408202E+01  -0.50578749E+01  -0.10428502E+01  -0.50578749E+01
  0.34544041E+01  -0.43457422E+01  -0.10289040E+01  -0.43457422E+01
  0.35698295E+01  -0.37946390E+01  -0.10155939E+01  -0.37946390E+01
  0.36870927E+01  -0.33600854E+01  -0.10027391E+01  -0.33600854E+01
  0.38061898E+01  -0.30168349E+01  -0.99034657E+00  -0.30168349E+01
  0.39271171E+01  -0.27439879E+01  -0.97851101E+00  -0.27439879E+01
  0.40498705E+01  -0.25238997E+01  -0.96728933E+00  -0.25238997E+01
  0.41744461E+01  -0.23427351E+01  -0.95653257E+00  -0.23427351E+01
  0.43008397E+01  -0.21918930E+01  -0.94625039E+00  -0.21918930E+01
  0.44290474E+01  -0.20641126E+01  -0.93647479E+00  -0.20641126E+01
  0.45590648E+01  -0.19557130E+01  -0.92738443E+00  -0.19557130E+01
  0.46908878E+01  -0.18612990E+01  -0.91878146E+00  -0.18612990E+01
  0.48245121E+01  -0.17778885E+01  -0.91067318E+00  -0.17778885E+01
  0.49599334E+01  -0.17034589E+01  -0.90308991E+00  -0.17034589E+01
  0.50971471E+01  -0.16373568E+01  -0.89609801E+00  -0.16373568E+01
  0.52361489E+01  -0.15779307E+01  -0.88966499E+00  -0.15779307E+01
  0.53769342E+01  -0.15239258E+01  -0.88370482E+00  -0.15239258E+01
  0.55194984E+01  -0.14748432E+01  -0.87820510E+00  -0.14748432E+01
  0.56638370E+01  -0.14302404E+01  -0.87319378E+00  -0.14302404E+01
  0.58099451E+01  -0.13900078E+01  -0.86868478E+00  -0.13900078E+01
  0.59578180E+01  -0.13534205E+01  -0.86464409E+00  -0.13534205E+01
  0.61074510E+01  -0.13200059E+01  -0.86091611E+00  -0.13200059E+01
  0.62588391E+01  -0.12897077E+01  -0.85764924E+00  -0.12897077E+01
  0.64119774E+01  -0.12620219E+01  -0.85459435E+00  -0.12620219E+01
  0.65668610E+01  -0.12373989E+01  -0.85212378E+00  -0.12373989E+01
  0.67234847E+01  -0.12148278E+01  -0.84980771E+00  -0.12148278E+01
  0.68818435E+01  -0.11944476E+01  -0.84790369E+00  -0.11944476E+01
  0.70419323E+01  -0.11757780E+01  -0.84621996E+00  -0.11757780E+01
  0.72037457E+01  -0.11587906E+01  -0.84492701E+00  -0.11587906E+01
  0.73672786E+01  -0.11433099E+01  -0.84402395E+00  -0.11433099E+01
  0.75325256E+01  -0.11289071E+01  -0.84342186E+00  -0.11289071E+01
  0.76994813E+01  -0.11158396E+01  -0.84350372E+00  -0.11158396E+01
  0.78681404E+01  -0.11033785E+01  -0.84384578E+00  -0.11033785E+01
  0.80384972E+01  -0.10922640E+01  -0.84513844E+00  -0.10922640E+01
  0.82105463E+01  -0.10816987E+01  -0.84683987E+00  -0.10816987E+01
  0.83842820E+01  -0.10723501E+01  -0.84946773E+00  -0.10723501E+01
  0.85596988E+01  -0.10640818E+01  -0.85283051E+00  -0.10640818E+01
  0.87367908E+01  -0.10565107E+01  -0.85640949E+00  -0.10565107E+01
  0.89155523E+01  -0.10500846E+01  -0.86017920E+00  -0.10500846E+01
  0.90959775E+01  -0.10442287E+01  -0.86332468E+00  -0.10442287E+01
  0.92780605E+01  -0.10392084E+01  -0.86579989E+00  -0.10392084E+01
  0.94617955E+01  -0.10345593E+01  -0.86727588E+00  -0.10345593E+01
  0.96471763E+01  -0.10302594E+01  -0.86795487E+00  -0.10302594E+01
  0.98341969E+01  -0.10261465E+01  -0.86810616E+00  -0.10261465E+01
  0.10022851E+02  -0.10219752E+01  -0.86786175E+00  -0.10219752E+01
  0.10213133E+02  -0.10178537E+01  -0.86751905E+00  -0.10178537E+01
  0.10405037E+02  -0.10136531E+01  -0.86710888E+00  -0.10136531E+01
  0.10598556E+02  -0.10095309E+01  -0.86679304E+00  -0.10095309E+01
  0.10793683E+02  -0.10054497E+01  -0.86654765E+00  -0.10054497E+01
  0.10990413E+02  -0.10015561E+01  -0.86645538E+00  -0.10015561E+01
  0.11188740E+02  -0.99783573E+00  -0.86647666E+00  -0.99783573E+00
  0.11388655E+02  -0.99439424E+00  -0.86665676E+00  -0.99439424E+00
  0.11590154E+02  -0.99121825E+00  -0.86696366E+00  -0.99121825E+00
  0.11793230E+02  -0.98831712E+00  -0.86738691E+00  -0.98831712E+00
  0.11997876E+02  -0.98571029E+00  -0.86792815E+00  -0.98571029E+00
  0.12204085E+02  -0.98337738E+00  -0.86856548E+00  -0.98337739E+00
  0.12411850E+02  -0.98133252E+00  -0.86930487E+00  -0.98133252E+00
  0.12621165E+02  -0.97954388E+00  -0.87012322E+00  -0.97954388E+00
  0.12832024E+02  -0.97801751E+00  -0.87102691E+00  -0.97801752E+00
  0.13044418E+02  -0.97671636E+00  -0.87199478E+00  -0.97671637E+00
  0.13258342E+02  -0.97563889E+00  -0.87303332E+00  -0.97563889E+00
  0.13473788E+02  -0.97474413E+00  -0.87412410E+00  -0.97474412E+00
  0.13690749E+02  -0.97402301E+00  -0.87527355E+00  -0.97402305E+00
  0.13909218E+02  -0.97343315E+00  -0.87646708E+00  -0.97343313E+00
  0.14129189E+02  -0.97295924E+00  -0.87771067E+00  -0.97295925E+00
  0.14350653E+02  -0.97256166E+00  -0.87899414E+00  -0.97256167E+00
  0.14573604E+02  -0.97222243E+00  -0.88032284E+00  -0.97222240E+00
  0.14798034E+02  -0.97191141E+00  -0.88169188E+00  -0.97191145E+00
  0.15023937E+02  -0.97161180E+00  -0.88310524E+00  -0.97161187E+00
  0.15251304E+02  -0.97130842E+00  -0.88456453E+00  -0.97130846E+00
  0.15480129E+02  -0.97098840E+00  -0.88607075E+00  -0.97098833E+00
  0.15710403E+02  -0.97065185E+00  -0.88763227E+00  -0.97065152E+00
  0.15942120E+02  -0.97028928E+00  -0.88924901E+00  -0.97028903E+00
  0.16175272E+02  -0.96991310E+00  -0.89093455E+00  -0.96991292E+00
  0.16409851E+02  -0.96951609E+00  -0.89268763E+00  -0.96951555E+00
  0.16645850E+02  -0.96911463E+00  -0.89452540E+00  -0.96911530E+00
  0.16883260E+02  -0.96870382E+00  -0.89644574E+00  -0.96870570E+00
  0.17122075E+02  -0.96830274E+00  -0.89847102E+00  -0.96830308E+00
  0.17362286E+02  -0.96790140E+00  -0.90060284E+00  -0.96790116E+00
  0.17603886E+02  -0.96751642E+00  -0.90285734E+00  -0.96751542E+00
  0.17846867E+02  -0.96714615E+00  -0.90524843E+00  -0.96714520E+00
  0.18091220E+02  -0.96679348E+00  -0.90778628E+00  -0.96679411E+00
  0.18336938E+02  -0.96647718E+00  -0.91049641E+00  -0.96647372E+00
  0.18584014E+02  -0.96616805E+00  -0.91338371E+00  -0.96617006E+00
  0.18832438E+02  -0.96587798E+00  -0.91646108E+00  -0.96589613E+00
  0.19082202E+02  -0.96562149E+00  -0.91973196E+00  -0.96563419E+00
  0.19333299E+02  -0.96538559E+00  -0.92321928E+00  -0.96538622E+00
  0.19585721E+02  -0.96519089E+00  -0.92696458E+00  -0.96515539E+00
  0.19839459E+02  -0.96501245E+00  -0.93098682E+00  -0.96496759E+00
  0.20094505E+02  -0.10000072E+01  -0.10000072E+01  -0.10000072E+01
  0.20350850E+02  -0.10000082E+01  -0.10000082E+01  -0.10000082E+01
  0.20608487E+02  -0.10000062E+01  -0.10000062E+01  -0.10000062E+01
  0.20867406E+02  -0.10000011E+01  -0.10000011E+01  -0.10000011E+01
  0.21127600E+02  -0.10000049E+01  -0.10000049E+01  -0.10000049E+01
  0.21389060E+02  -0.10000073E+01  -0.10000073E+01  -0.10000073E+01
  0.21651778E+02  -0.10000057E+01  -0.10000057E+01  -0.10000057E+01
  0.21915744E+02  -0.10000001E+01  -0.10000001E+01  -0.10000001E+01
  0.22180951E+02  -0.10000057E+01  -0.10000057E+01  -0.10000057E+01
  0.22447389E+02  -0.10000063E+01  -0.10000063E+01  -0.10000063E+01
  0.22715050E+02  -0.10000017E+01  -0.10000017E+01  -0.10000017E+01
  0.22983926E+02  -0.10000048E+01  -0.10000048E+01  -0.10000048E+01
  0.23254007E+02  -0.10000058E+01  -0.10000058E+01  -0.10000058E+01
  0.23525285E+02  -0.10000004E+01  -0.10000004E+01  -0.10000004E+01
  0.23797750E+02  -0.10000054E+01  -0.10000054E+01  -0.10000054E+01
  0.24071395E+02  -0.10000040E+01  -0.10000040E+01  -0.10000040E+01
  0.24346210E+02  -0.10000033E+01  -0.10000033E+01  -0.10000033E+01
  0.24622186E+02  -0.10000050E+01  -0.10000050E+01  -0.10000050E+01
  0.24899314E+02  -0.10000015E+01  -0.10000015E+01  -0.10000015E+01
  0.25177585E+02  -0.10000049E+01  -0.10000049E+01  -0.10000049E+01
  0.25456991E+02  -0.10000009E+01  -0.10000009E+01  -0.10000009E+01
  0.25737521E+02  -0.10000046E+01  -0.10000046E+01  -0.10000046E+01
  0.26019167E+02  -0.10000016E+01  -0.10000016E+01  -0.10000016E+01
  0.26301920E+02  -0.10000040E+01  -0.10000040E+01  -0.10000040E+01
  0.26585770E+02  -0.10000030E+01  -0.10000030E+01  -0.10000030E+01
  0.26870709E+02  -0.10000023E+01  -0.10000023E+01  -0.10000023E+01
  0.27156726E+02  -0.10000040E+01  -0.10000040E+01  -0.10000040E+01
  0.27443813E+02  -0.10000016E+01  -0.10000016E+01  -0.10000016E+01
  0.27731961E+02  -0.10000025E+01  -0.10000025E+01  -0.10000025E+01
  0.28021159E+02  -0.10000036E+01  -0.10000036E+01  -0.10000036E+01
  0.28311399E+02  -0.10000025E+01  -0.10000025E+01  -0.10000025E+01
  0.28602671E+02  -0.10000000E+01  -0.10000000E+01  -0.10000000E+01
  0.28894965E+02  -0.10000021E+01  -0.10000021E+01  -0.10000021E+01
  0.29188272E+02  -0.10000029E+01  -0.10000029E+01  -0.10000029E+01
  0.29482583E+02  -0.10000030E+01  -0.10000030E+01  -0.10000030E+01
  0.29777887E+02  -0.10000027E+01  -0.10000027E+01  -0.10000027E+01
  0.30074176E+02  -0.10000024E+01  -0.10000024E+01  -0.10000024E+01
  0.30371440E+02  -0.10000022E+01  -0.10000022E+01  -0.10000022E+01
  0.30669668E+02  -0.10000022E+01  -0.10000022E+01  -0.10000022E+01
  0.30968852E+02  -0.10000023E+01  -0.10000023E+01  -0.10000023E+01
  0.31268981E+02  -0.10000024E+01  -0.10000024E+01  -0.10000024E+01
  0.31570046E+02  -0.10000021E+01  -0.10000021E+01  -0.10000021E+01
  0.31872036E+02  -0.10000012E+01  -0.10000012E+01  -0.10000012E+01
  0.32174943E+02  -0.10000007E+01  -0.10000007E+01  -0.10000007E+01
  0.32478756E+02  -0.10000019E+01  -0.10000019E+01  -0.10000019E+01
  0.32783465E+02  -0.10000012E+01  -0.10000012E+01  -0.10000012E+01
  0.33089061E+02  -0.10000013E+01  -0.10000013E+01  -0.10000013E+01
  0.33395533E+02  -0.10000012E+01  -0.10000012E+01  -0.10000012E+01
  0.33702871E+02  -0.10000015E+01  -0.10000015E+01  -0.10000015E+01
  0.34011066E+02  -0.10000002E+01  -0.10000002E+01  -0.10000002E+01
  0.34320108E+02  -0.10000009E+01  -0.10000009E+01  -0.10000009E+01
  0.34629985E+02  -0.10000012E+01  -0.10000012E+01  -0.10000012E+01
  0.34940689E+02  -0.10000011E+01  -0.10000011E+01  -0.10000011E+01
  0.35252209E+02  -0.10000009E+01  -0.10000009E+01  -0.10000009E+01
  0.35564535E+02  -0.10000002E+01  -0.10000002E+01  -0.10000002E+01
  0.35877657E+02  -0.10000008E+01  -0.10000008E+01  -0.10000008E+01
  0.36191564E+02  -0.10000005E+01  -0.10000005E+01  -0.10000005E+01
  0.36506247E+02  -0.10000008E+01  -0.10000008E+01  -0.10000008E+01
  0.36821695E+02  -0.10000007E+01  -0.10000007E+01  -0.10000007E+01
  0.37137897E+02  -0.10000006E+01  -0.10000006E+01  -0.10000006E+01
  0.37454845E+02  -0.10000000E+01  -0.10000000E+01  -0.10000000E+01
  0.37772526E+02  -0.10000003E+01  -0.10000003E+01  -0.10000003E+01
  0.38090932E+02  -0.10000000E+01  -0.10000000E+01  -0.10000000E+01
  0.38410050E+02  -0.10000003E+01  -0.10000003E+01  -0.10000003E+01
  0.38729873E+02  -0.10000001E+01  -0.10000001E+01  -0.10000001E+01
  0.39050387E+02  -0.10000002E+01  -0.10000002E+01  -0.10000002E+01
  0.39371584E+02  -0.10000001E+01  -0.10000001E+01  -0.10000001E+01
  0.39693453E+02  -0.10000000E+01  -0.10000000E+01  -0.10000000E+01
  0.40015983E+02  -0.10000000E+01  -0.10000000E+01  -0.10000000E+01
  0.40339164E+02  -0.10000000E+01  -0.10000000E+01  -0.10000000E+01
  0.40662986E+02  -0.10000000E+01  -0.10000000E+01  -0.10000000E+01
  0.40987437E+02  -0.10000000E+01  -0.10000000E+01  -0.10000000E+01
  0.41312507E+02  -0.10000000E+01  -0.10000000E+01  -0.10000000E+01
  0.41638186E+02  -0.10000000E+01  -0.10000000E+01  -0.10000000E+01
  0.41964463E+02  -0.10000000E+01  -0.10000000E+01  -0.10000000E+01
  0.42291327E+02  -0.10000000E+01  -0.10000000E+01  -0.10000000E+01
  0.42618768E+02  -0.10000000E+01  -0.10000000E+01  -0.10000000E+01
  0.42946775E+02  -0.10000000E+01  -0.10000000E+01  -0.10000000E+01
  0.43275338E+02  -0.10000000E+01  -0.10000000E+01  -0.10000000E+01
  0.43604445E+02  -0.10000000E+01  -0.10000000E+01  -0.10000000E+01
  0.43934086E+02  -0.10000000E+01  -0.10000000E+01  -0.10000000E+01
  0.44264250E+02  -0.10000000E+01  -0.10000000E+01  -0.10000000E+01
  0.44594927E+02  -0.10000000E+01  -0.10000000E+01  -0.10000000E+01
  0.44926105E+02  -0.10000000E+01  -0.10000000E+01  -0.10000000E+01
  0.45257775E+02  -0.10000000E+01  -0.10000000E+01  -0.10000000E+01
  0.45589924E+02  -0.10000000E+01  -0.10000000E+01  -0.10000000E+01
  0.45922543E+02  -0.10000000E+01  -0.10000000E+01  -0.10000000E+01
  0.46255620E+02  -0.10000000E+01  -0.10000000E+01  -0.10000000E+01
  0.46589145E+02  -0.10000000E+01  -0.10000000E+01  -0.10000000E+01
  0.46923107E+02  -0.10000000E+01  -0.10000000E+01  -0.10000000E+01
  0.47257494E+02  -0.10000000E+01  -0.10000000E+01  -0.10000000E+01
  0.47592297E+02  -0.10000000E+01  -0.10000000E+01  -0.10000000E+01
  0.47927503E+02  -0.10000000E+01  -0.10000000E+01  -0.10000000E+01
  0.48263103E+02  -0.10000000E+01  -0.10000000E+01  -0.10000000E+01
  0.48599085E+02  -0.10000000E+01  -0.10000000E+01  -0.10000000E+01
  0.48935439E+02  -0.10000000E+01  -0.10000000E+01  -0.10000000E+01
  0.49272152E+02  -0.10000000E+01  -0.10000000E+01  -0.10000000E+01
  0.49609215E+02  -0.10000000E+01  -0.10000000E+01  -0.10000000E+01
  0.49946617E+02  -0.10000000E+01  -0.10000000E+01  -0.10000000E+01
  0.50284346E+02  -0.10000000E+01  -0.10000000E+01  -0.10000000E+01
  0.50622391E+02  -0.10000000E+01  -0.10000000E+01  -0.10000000E+01
  0.50960742E+02  -0.10000000E+01  -0.10000000E+01  -0.10000000E+01
  0.51299387E+02  -0.10000000E+01  -0.10000000E+01  -0.10000000E+01
  0.51638315E+02  -0.10000000E+01  -0.10000000E+01  -0.10000000E+01
  0.51977516E+02  -0.10000000E+01  -0.10000000E+01  -0.10000000E+01
  0.52316978E+02  -0.10000000E+01  -0.10000000E+01  -0.10000000E+01
  0.52656690E+02  -0.10000000E+01  -0.10000000E+01  -0.10000000E+01
  0.52996641E+02  -0.10000000E+01  -0.10000000E+01  -0.10000000E+01
  0.53336821E+02  -0.10000000E+01  -0.10000000E+01  -0.10000000E+01
  0.53677217E+02  -0.10000000E+01  -0.10000000E+01  -0.10000000E+01
  0.54017820E+02  -0.10000000E+01  -0.10000000E+01  -0.10000000E+01
  0.54358617E+02  -0.10000000E+01  -0.10000000E+01  -0.10000000E+01
  0.54699598E+02  -0.10000000E+01  -0.10000000E+01  -0.10000000E+01
  0.55040751E+02  -0.10000000E+01  -0.10000000E+01  -0.10000000E+01
  0.55382066E+02  -0.10000000E+01  -0.10000000E+01  -0.10000000E+01
  0.55723532E+02  -0.10000000E+01  -0.10000000E+01  -0.10000000E+01
  0.56065137E+02  -0.10000000E+01  -0.10000000E+01  -0.10000000E+01
  0.56406869E+02  -0.10000000E+01  -0.10000000E+01  -0.10000000E+01
  0.56748719E+02  -0.10000000E+01  -0.10000000E+01  -0.10000000E+01
  0.57090675E+02  -0.10000000E+01  -0.10000000E+01  -0.10000000E+01
  0.57432726E+02  -0.10000000E+01  -0.10000000E+01  -0.10000000E+01
  0.57774860E+02  -0.10000000E+01  -0.10000000E+01  -0.10000000E+01
  0.58117066E+02  -0.10000000E+01  -0.10000000E+01  -0.10000000E+01
  0.58459334E+02  -0.10000000E+01  -0.10000000E+01  -0.10000000E+01
  0.58801652E+02  -0.10000000E+01  -0.10000000E+01  -0.10000000E+01
  0.59144010E+02  -0.10000000E+01  -0.10000000E+01  -0.10000000E+01
  0.59486395E+02  -0.10000000E+01  -0.10000000E+01  -0.10000000E+01
  0.59828796E+02  -0.10000000E+01  -0.10000000E+01  -0.10000000E+01
  0.60171204E+02  -0.10000000E+01  -0.10000000E+01  -0.10000000E+01
  0.60513605E+02  -0.10000000E+01  -0.10000000E+01  -0.10000000E+01
  0.60855990E+02  -0.10000000E+01  -0.10000000E+01  -0.10000000E+01
  0.61198348E+02  -0.10000000E+01  -0.10000000E+01  -0.10000000E+01
  0.61540666E+02  -0.10000000E+01  -0.10000000E+01  -0.10000000E+01
  0.61882934E+02  -0.10000000E+01  -0.10000000E+01  -0.10000000E+01
  0.62225140E+02  -0.10000000E+01  -0.10000000E+01  -0.10000000E+01
  0.62567274E+02  -0.10000000E+01  -0.10000000E+01  -0.10000000E+01
  0.62909325E+02  -0.10000000E+01  -0.10000000E+01  -0.10000000E+01
  0.63251281E+02  -0.10000000E+01  -0.10000000E+01  -0.10000000E+01
  0.63593131E+02  -0.10000000E+01  -0.10000000E+01  -0.10000000E+01
  0.63934863E+02  -0.10000000E+01  -0.10000000E+01  -0.10000000E+01
  0.64276468E+02  -0.10000000E+01  -0.10000000E+01  -0.10000000E+01
  0.64617934E+02  -0.10000000E+01  -0.10000000E+01  -0.10000000E+01
  0.64959249E+02  -0.10000000E+01  -0.10000000E+01  -0.10000000E+01
  0.65300402E+02  -0.10000000E+01  -0.10000000E+01  -0.10000000E+01
  0.65641383E+02  -0.10000000E+01  -0.10000000E+01  -0.10000000E+01
  0.65982180E+02  -0.10000000E+01  -0.10000000E+01  -0.10000000E+01
  0.66322783E+02  -0.10000000E+01  -0.10000000E+01  -0.10000000E+01
  0.66663179E+02  -0.10000000E+01  -0.10000000E+01  -0.10000000E+01
  0.67003359E+02  -0.10000000E+01  -0.10000000E+01  -0.10000000E+01
  0.67343310E+02  -0.10000000E+01  -0.10000000E+01  -0.10000000E+01
  0.67683022E+02  -0.10000000E+01  -0.10000000E+01  -0.10000000E+01
  0.68022484E+02  -0.10000000E+01  -0.10000000E+01  -0.10000000E+01
  0.68361685E+02  -0.10000000E+01  -0.10000000E+01  -0.10000000E+01
  0.68700613E+02  -0.10000000E+01  -0.10000000E+01  -0.10000000E+01
  0.69039258E+02  -0.10000000E+01  -0.10000000E+01  -0.10000000E+01
  0.69377609E+02  -0.10000000E+01  -0.10000000E+01  -0.10000000E+01
  0.69715654E+02  -0.10000000E+01  -0.10000000E+01  -0.10000000E+01
  0.70053383E+02  -0.10000000E+01  -0.10000000E+01  -0.10000000E+01
  0.70390785E+02  -0.10000000E+01  -0.10000000E+01  -0.10000000E+01
  0.70727848E+02  -0.10000000E+01  -0.10000000E+01  -0.10000000E+01
  0.71064561E+02  -0.10000000E+01  -0.10000000E+01  -0.10000000E+01
  0.71400915E+02  -0.10000000E+01  -0.10000000E+01  -0.10000000E+01
  0.71736897E+02  -0.10000000E+01  -0.10000000E+01  -0.10000000E+01
  0.72072497E+02  -0.10000000E+01  -0.10000000E+01  -0.10000000E+01
  0.72407703E+02  -0.10000000E+01  -0.10000000E+01  -0.10000000E+01
  0.72742506E+02  -0.10000000E+01  -0.10000000E+01  -0.10000000E+01
  0.73076893E+02  -0.10000000E+01  -0.10000000E+01  -0.10000000E+01
  0.73410855E+02  -0.10000000E+01  -0.10000000E+01  -0.10000000E+01
  0.73744380E+02  -0.10000000E+01  -0.10000000E+01  -0.10000000E+01
  0.74077457E+02  -0.10000000E+01  -0.10000000E+01  -0.10000000E+01
  0.74410076E+02  -0.10000000E+01  -0.10000000E+01  -0.10000000E+01
  0.74742225E+02  -0.10000000E+01  -0.10000000E+01  -0.10000000E+01
  0.75073895E+02  -0.10000000E+01  -0.10000000E+01  -0.10000000E+01
  0.75405073E+02  -0.10000000E+01  -0.10000000E+01  -0.10000000E+01
  0.75735750E+02  -0.10000000E+01  -0.10000000E+01  -0.10000000E+01
  0.76065914E+02  -0.10000000E+01  -0.10000000E+01  -0.10000000E+01
  0.76395555E+02  -0.10000000E+01  -0.10000000E+01  -0.10000000E+01
  0.76724662E+02  -0.10000000E+01  -0.10000000E+01  -0.10000000E+01
  0.77053225E+02  -0.10000000E+01  -0.10000000E+01  -0.10000000E+01
  0.77381232E+02  -0.10000000E+01  -0.10000000E+01  -0.10000000E+01
  0.77708673E+02  -0.10000000E+01  -0.10000000E+01  -0.10000000E+01
  0.78035537E+02  -0.10000000E+01  -0.10000000E+01  -0.10000000E+01
  0.78361814E+02  -0.10000000E+01  -0.10000000E+01  -0.10000000E+01
  0.78687493E+02  -0.10000000E+01  -0.10000000E+01  -0.10000000E+01
  0.79012563E+02  -0.10000000E+01  -0.10000000E+01  -0.10000000E+01
  0.79337014E+02  -0.10000000E+01  -0.10000000E+01  -0.10000000E+01
  0.79660836E+02  -0.10000000E+01  -0.10000000E+01  -0.10000000E+01
  0.79984017E+02  -0.10000000E+01  -0.10000000E+01  -0.10000000E+01
  0.80306547E+02  -0.10000000E+01  -0.10000000E+01  -0.10000000E+01
  0.80628416E+02  -0.10000000E+01  -0.10000000E+01  -0.10000000E+01
  0.80949613E+02  -0.10000000E+01  -0.10000000E+01  -0.10000000E+01
  0.81270127E+02  -0.10000000E+01  -0.10000000E+01  -0.10000000E+01
  0.81589950E+02  -0.10000000E+01  -0.10000000E+01  -0.10000000E+01
  0.81909068E+02  -0.10000000E+01  -0.10000000E+01  -0.10000000E+01
  0.82227474E+02  -0.10000000E+01  -0.10000000E+01  -0.10000000E+01
  0.82545155E+02  -0.10000000E+01  -0.10000000E+01  -0.10000000E+01
  0.82862103E+02  -0.10000000E+01  -0.10000000E+01  -0.10000000E+01
  0.83178305E+02  -0.10000000E+01  -0.10000000E+01  -0.10000000E+01
  0.83493753E+02  -0.10000000E+01  -0.10000000E+01  -0.10000000E+01
  0.83808436E+02  -0.10000000E+01  -0.10000000E+01  -0.10000000E+01
  0.84122343E+02  -0.10000000E+01  -0.10000000E+01  -0.10000000E+01
  0.84435465E+02  -0.10000000E+01  -0.10000000E+01  -0.10000000E+01
  0.84747791E+02  -0.10000000E+01  -0.10000000E+01  -0.10000000E+01
  0.85059311E+02  -0.10000000E+01  -0.10000000E+01  -0.10000000E+01
  0.85370015E+02  -0.10000000E+01  -0.10000000E+01  -0.10000000E+01
  0.85679892E+02  -0.10000000E+01  -0.10000000E+01  -0.10000000E+01
  0.85988934E+02  -0.10000000E+01  -0.10000000E+01  -0.10000000E+01
  0.86297129E+02  -0.10000000E+01  -0.10000000E+01  -0.10000000E+01
  0.86604467E+02  -0.10000000E+01  -0.10000000E+01  -0.10000000E+01
  0.86910939E+02  -0.10000000E+01  -0.10000000E+01  -0.10000000E+01
  0.87216535E+02  -0.10000000E+01  -0.10000000E+01  -0.10000000E+01
  0.87521244E+02  -0.10000000E+01  -0.10000000E+01  -0.10000000E+01
  0.87825057E+02  -0.10000000E+01  -0.10000000E+01  -0.10000000E+01
  0.88127964E+02  -0.10000000E+01  -0.10000000E+01  -0.10000000E+01
  0.88429954E+02  -0.10000000E+01  -0.10000000E+01  -0.10000000E+01
  0.88731019E+02  -0.10000000E+01  -0.10000000E+01  -0.10000000E+01
  0.89031148E+02  -0.10000000E+01  -0.10000000E+01  -0.10000000E+01
  0.89330332E+02  -0.10000000E+01  -0.10000000E+01  -0.10000000E+01
  0.89628560E+02  -0.10000000E+01  -0.10000000E+01  -0.10000000E+01
  0.89925824E+02  -0.10000000E+01  -0.10000000E+01  -0.10000000E+01
  0.90222113E+02  -0.10000000E+01  -0.10000000E+01  -0.10000000E+01
  0.90517417E+02  -0.10000000E+01  -0.10000000E+01  -0.10000000E+01
  0.90811728E+02  -0.10000000E+01  -0.10000000E+01  -0.10000000E+01
  0.91105035E+02  -0.10000000E+01  -0.10000000E+01  -0.10000000E+01
  0.91397329E+02  -0.10000000E+01  -0.10000000E+01  -0.10000000E+01
  0.91688601E+02  -0.10000000E+01  -0.10000000E+01  -0.10000000E+01
  0.91978841E+02  -0.10000000E+01  -0.10000000E+01  -0.10000000E+01
  0.92268039E+02  -0.10000000E+01  -0.10000000E+01  -0.10000000E+01
  0.92556187E+02  -0.10000000E+01  -0.10000000E+01  -0.10000000E+01
  0.92843274E+02  -0.10000000E+01  -0.10000000E+01  -0.10000000E+01
  0.93129291E+02  -0.10000000E+01  -0.10000000E+01  -0.10000000E+01
  0.93414230E+02  -0.10000000E+01  -0.10000000E+01  -0.10000000E+01
  0.93698080E+02  -0.10000000E+01  -0.10000000E+01  -0.10000000E+01
  0.93980833E+02  -0.10000000E+01  -0.10000000E+01  -0.10000000E+01
  0.94262479E+02  -0.10000000E+01  -0.10000000E+01  -0.10000000E+01
  0.94543009E+02  -0.10000000E+01  -0.10000000E+01  -0.10000000E+01
  0.94822415E+02  -0.10000000E+01  -0.10000000E+01  -0.10000000E+01
  0.95100686E+02  -0.10000000E+01  -0.10000000E+01  -0.10000000E+01
  0.95377814E+02  -0.10000000E+01  -0.10000000E+01  -0.10000000E+01
  0.95653790E+02  -0.10000000E+01  -0.10000000E+01  -0.10000000E+01
  0.95928605E+02  -0.10000000E+01  -0.10000000E+01  -0.10000000E+01
  0.96202250E+02  -0.10000000E+01  -0.10000000E+01  -0.10000000E+01
  0.96474715E+02  -0.10000000E+01  -0.10000000E+01  -0.10000000E+01
  0.96745993E+02  -0.10000000E+01  -0.10000000E+01  -0.10000000E+01
  0.97016074E+02  -0.10000000E+01  -0.10000000E+01  -0.10000000E+01
  0.97284950E+02  -0.10000000E+01  -0.10000000E+01  -0.10000000E+01
  0.97552611E+02  -0.10000000E+01  -0.10000000E+01  -0.10000000E+01
  0.97819049E+02  -0.10000000E+01  -0.10000000E+01  -0.10000000E+01
  0.98084256E+02  -0.10000000E+01  -0.10000000E+01  -0.10000000E+01
  0.98348222E+02  -0.10000000E+01  -0.10000000E+01  -0.10000000E+01
  0.98610940E+02  -0.10000000E+01  -0.10000000E+01  -0.10000000E+01
  0.98872400E+02  -0.10000000E+01  -0.10000000E+01  -0.10000000E+01
  0.99132594E+02  -0.10000000E+01  -0.10000000E+01  -0.10000000E+01
  0.99391513E+02  -0.10000000E+01  -0.10000000E+01  -0.10000000E+01
  0.99649150E+02  -0.10000000E+01  -0.10000000E+01  -0.10000000E+01
  0.99905495E+02  -0.10000000E+01  -0.10000000E+01  -0.10000000E+01
  0.10016054E+03  -0.10000000E+01  -0.10000000E+01  -0.10000000E+01
  0.10041428E+03  -0.10000000E+01  -0.10000000E+01  -0.10000000E+01
  0.10066670E+03  -0.10000000E+01  -0.10000000E+01  -0.10000000E+01
  0.10091780E+03  -0.10000000E+01  -0.10000000E+01  -0.10000000E+01
  0.10116756E+03  -0.10000000E+01  -0.10000000E+01  -0.10000000E+01
  0.10141599E+03  -0.10000000E+01  -0.10000000E+01  -0.10000000E+01
  0.10166306E+03  -0.10000000E+01  -0.10000000E+01  -0.10000000E+01
  0.10190878E+03  -0.10000000E+01  -0.10000000E+01  -0.10000000E+01
  0.10215313E+03  -0.10000000E+01  -0.10000000E+01  -0.10000000E+01
  0.10239611E+03  -0.10000000E+01  -0.10000000E+01  -0.10000000E+01
  0.10263771E+03  -0.10000000E+01  -0.10000000E+01  -0.10000000E+01
  0.10287792E+03  -0.10000000E+01  -0.10000000E+01  -0.10000000E+01
  0.10311674E+03  -0.10000000E+01  -0.10000000E+01  -0.10000000E+01
  0.10335415E+03  -0.10000000E+01  -0.10000000E+01  -0.10000000E+01
  0.10359015E+03  -0.10000000E+01  -0.10000000E+01  -0.10000000E+01
  0.10382473E+03  -0.10000000E+01  -0.10000000E+01  -0.10000000E+01
  0.10405788E+03  -0.10000000E+01  -0.10000000E+01  -0.10000000E+01
  0.10428960E+03  -0.10000000E+01  -0.10000000E+01  -0.10000000E+01
  0.10451987E+03  -0.10000000E+01  -0.10000000E+01  -0.10000000E+01
  0.10474870E+03  -0.10000000E+01  -0.10000000E+01  -0.10000000E+01
  0.10497606E+03  -0.10000000E+01  -0.10000000E+01  -0.10000000E+01
  0.10520197E+03  -0.10000000E+01  -0.10000000E+01  -0.10000000E+01
  0.10542640E+03  -0.10000000E+01  -0.10000000E+01  -0.10000000E+01
  0.10564935E+03  -0.10000000E+01  -0.10000000E+01  -0.10000000E+01
  0.10587081E+03  -0.10000000E+01  -0.10000000E+01  -0.10000000E+01
  0.10609078E+03  -0.10000000E+01  -0.10000000E+01  -0.10000000E+01
  0.10630925E+03  -0.10000000E+01  -0.10000000E+01  -0.10000000E+01
  0.10652621E+03  -0.10000000E+01  -0.10000000E+01  -0.10000000E+01
  0.10674166E+03  -0.10000000E+01  -0.10000000E+01  -0.10000000E+01
  0.10695558E+03  -0.10000000E+01  -0.10000000E+01  -0.10000000E+01
  0.10716798E+03  -0.10000000E+01  -0.10000000E+01  -0.10000000E+01
  0.10737883E+03  -0.10000000E+01  -0.10000000E+01  -0.10000000E+01
  0.10758815E+03  -0.10000000E+01  -0.10000000E+01  -0.10000000E+01
  0.10779592E+03  -0.10000000E+01  -0.10000000E+01  -0.10000000E+01
  0.10800212E+03  -0.10000000E+01  -0.10000000E+01  -0.10000000E+01
  0.10820677E+03  -0.10000000E+01  -0.10000000E+01  -0.10000000E+01
  0.10840985E+03  -0.10000000E+01  -0.10000000E+01  -0.10000000E+01
  0.10861134E+03  -0.10000000E+01  -0.10000000E+01  -0.10000000E+01
  0.10881126E+03  -0.10000000E+01  -0.10000000E+01  -0.10000000E+01
  0.10900959E+03  -0.10000000E+01  -0.10000000E+01  -0.10000000E+01
  0.10920632E+03  -0.10000000E+01  -0.10000000E+01  -0.10000000E+01
  0.10940144E+03  -0.10000000E+01  -0.10000000E+01  -0.10000000E+01
  0.10959496E+03  -0.10000000E+01  -0.10000000E+01  -0.10000000E+01
  0.10978687E+03  -0.10000000E+01  -0.10000000E+01  -0.10000000E+01
  0.10997715E+03  -0.10000000E+01  -0.10000000E+01  -0.10000000E+01
  0.11016580E+03  -0.10000000E+01  -0.10000000E+01  -0.10000000E+01
  0.11035282E+03  -0.10000000E+01  -0.10000000E+01  -0.10000000E+01
  0.11053820E+03  -0.10000000E+01  -0.10000000E+01  -0.10000000E+01
  0.11072194E+03  -0.10000000E+01  -0.10000000E+01  -0.10000000E+01
  0.11090402E+03  -0.10000000E+01  -0.10000000E+01  -0.10000000E+01
  0.11108445E+03  -0.10000000E+01  -0.10000000E+01  -0.10000000E+01
  0.11126321E+03  -0.10000000E+01  -0.10000000E+01  -0.10000000E+01
  0.11144030E+03  -0.10000000E+01  -0.10000000E+01  -0.10000000E+01
  0.11161572E+03  -0.10000000E+01  -0.10000000E+01  -0.10000000E+01
  0.11178945E+03  -0.10000000E+01  -0.10000000E+01  -0.10000000E+01
  0.11196150E+03  -0.10000000E+01  -0.10000000E+01  -0.10000000E+01
  0.11213186E+03  -0.10000000E+01  -0.10000000E+01  -0.10000000E+01
  0.11230052E+03  -0.10000000E+01  -0.10000000E+01  -0.10000000E+01
  0.11246747E+03  -0.10000000E+01  -0.10000000E+01  -0.10000000E+01
  0.11263272E+03  -0.10000000E+01  -0.10000000E+01  -0.10000000E+01
  0.11279625E+03  -0.10000000E+01  -0.10000000E+01  -0.10000000E+01
  0.11295807E+03  -0.10000000E+01  -0.10000000E+01  -0.10000000E+01
  0.11311816E+03  -0.10000000E+01  -0.10000000E+01  -0.10000000E+01
  0.11327652E+03  -0.10000000E+01  -0.10000000E+01  -0.10000000E+01
  0.11343314E+03  -0.10000000E+01  -0.10000000E+01  -0.10000000E+01
  0.11358802E+03  -0.10000000E+01  -0.10000000E+01  -0.10000000E+01
  0.11374116E+03  -0.10000000E+01  -0.10000000E+01  -0.10000000E+01
  0.11389255E+03  -0.10000000E+01  -0.10000000E+01  -0.10000000E+01
  0.11404218E+03  -0.10000000E+01  -0.10000000E+01  -0.10000000E+01
  0.11419005E+03  -0.10000000E+01  -0.10000000E+01  -0.10000000E+01
  0.11433616E+03  -0.10000000E+01  -0.10000000E+01  -0.10000000E+01
  0.11448050E+03  -0.10000000E+01  -0.10000000E+01  -0.10000000E+01
  0.11462307E+03  -0.10000000E+01  -0.10000000E+01  -0.10000000E+01
  0.11476385E+03  -0.10000000E+01  -0.10000000E+01  -0.10000000E+01
  0.11490285E+03  -0.10000000E+01  -0.10000000E+01  -0.10000000E+01
  0.11504007E+03  -0.10000000E+01  -0.10000000E+01  -0.10000000E+01
  0.11517549E+03  -0.10000000E+01  -0.10000000E+01  -0.10000000E+01
  0.11530911E+03  -0.10000000E+01  -0.10000000E+01  -0.10000000E+01
  0.11544094E+03  -0.10000000E+01  -0.10000000E+01  -0.10000000E+01
  0.11557095E+03  -0.10000000E+01  -0.10000000E+01  -0.10000000E+01
  0.11569916E+03  -0.10000000E+01  -0.10000000E+01  -0.10000000E+01
  0.11582555E+03  -0.10000000E+01  -0.10000000E+01  -0.10000000E+01
  0.11595013E+03  -0.10000000E+01  -0.10000000E+01  -0.10000000E+01
  0.11607288E+03  -0.10000000E+01  -0.10000000E+01  -0.10000000E+01
  0.11619381E+03  -0.10000000E+01  -0.10000000E+01  -0.10000000E+01
  0.11631291E+03  -0.10000000E+01  -0.10000000E+01  -0.10000000E+01
  0.11643017E+03  -0.10000000E+01  -0.10000000E+01  -0.10000000E+01
  0.11654560E+03  -0.10000000E+01  -0.10000000E+01  -0.10000000E+01
  0.11665918E+03  -0.10000000E+01  -0.10000000E+01  -0.10000000E+01
  0.11677092E+03  -0.10000000E+01  -0.10000000E+01  -0.10000000E+01
  0.11688081E+03  -0.10000000E+01  -0.10000000E+01  -0.10000000E+01
  0.11698885E+03  -0.10000000E+01  -0.10000000E+01  -0.10000000E+01
  0.11709503E+03  -0.10000000E+01  -0.10000000E+01  -0.10000000E+01
  0.11719935E+03  -0.10000000E+01  -0.10000000E+01  -0.10000000E+01
  0.11730181E+03  -0.10000000E+01  -0.10000000E+01  -0.10000000E+01
  0.11740240E+03  -0.10000000E+01  -0.10000000E+01  -0.10000000E+01
  0.11750112E+03  -0.10000000E+01  -0.10000000E+01  -0.10000000E+01
  0.11759797E+03  -0.10000000E+01  -0.10000000E+01  -0.10000000E+01
  0.11769295E+03  -0.10000000E+01  -0.10000000E+01  -0.10000000E+01
  0.11778605E+03  -0.10000000E+01  -0.10000000E+01  -0.10000000E+01
  0.11787726E+03  -0.10000000E+01  -0.10000000E+01  -0.10000000E+01
  0.11796659E+03  -0.10000000E+01  -0.10000000E+01  -0.10000000E+01
  0.11805403E+03  -0.10000000E+01  -0.10000000E+01  -0.10000000E+01
  0.11813958E+03  -0.10000000E+01  -0.10000000E+01  -0.10000000E+01
  0.11822324E+03  -0.10000000E+01  -0.10000000E+01  -0.10000000E+01
  0.11830500E+03  -0.10000000E+01  -0.10000000E+01  -0.10000000E+01
  0.11838486E+03  -0.10000000E+01  -0.10000000E+01  -0.10000000E+01
  0.11846282E+03  -0.10000000E+01  -0.10000000E+01  -0.10000000E+01
  0.11853888E+03  -0.10000000E+01  -0.10000000E+01  -0.10000000E+01
  0.11861303E+03  -0.10000000E+01  -0.10000000E+01  -0.10000000E+01
  0.11868527E+03  -0.10000000E+01  -0.10000000E+01  -0.10000000E+01
  0.11875560E+03  -0.10000000E+01  -0.10000000E+01  -0.10000000E+01
  0.11882402E+03  -0.10000000E+01  -0.10000000E+01  -0.10000000E+01
  0.11889052E+03  -0.10000000E+01  -0.10000000E+01  -0.10000000E+01
  0.11895510E+03  -0.10000000E+01  -0.10000000E+01  -0.10000000E+01
  0.11901776E+03  -0.10000000E+01  -0.10000000E+01  -0.10000000E+01
  0.11907850E+03  -0.10000000E+01  -0.10000000E+01  -0.10000000E+01
  0.11913732E+03  -0.10000000E+01  -0.10000000E+01  -0.10000000E+01
  0.11919421E+03  -0.10000000E+01  -0.10000000E+01  -0.10000000E+01
  0.11924918E+03  -0.10000000E+01  -0.10000000E+01  -0.10000000E+01
  0.11930221E+03  -0.10000000E+01  -0.10000000E+01  -0.10000000E+01
  0.11935331E+03  -0.10000000E+01  -0.10000000E+01  -0.10000000E+01
  0.11940248E+03  -0.10000000E+01  -0.10000000E+01  -0.10000000E+01
  0.11944971E+03  -0.10000000E+01  -0.10000000E+01  -0.10000000E+01
  0.11949501E+03  -0.10000000E+01  -0.10000000E+01  -0.10000000E+01
  0.11953837E+03  -0.10000000E+01  -0.10000000E+01  -0.10000000E+01
  0.11957980E+03  -0.10000000E+01  -0.10000000E+01  -0.10000000E+01
  0.11961928E+03  -0.10000000E+01  -0.10000000E+01  -0.10000000E+01
  0.11965682E+03  -0.10000000E+01  -0.10000000E+01  -0.10000000E+01
  0.11969241E+03  -0.10000000E+01  -0.10000000E+01  -0.10000000E+01
  0.11972607E+03  -0.10000000E+01  -0.10000000E+01  -0.10000000E+01
  0.11975777E+03  -0.10000000E+01  -0.10000000E+01  -0.10000000E+01
  0.11978754E+03  -0.10000000E+01  -0.10000000E+01  -0.10000000E+01
  0.11981535E+03  -0.10000000E+01  -0.10000000E+01  -0.10000000E+01
  0.11984122E+03  -0.10000000E+01  -0.10000000E+01  -0.10000000E+01
  0.11986514E+03  -0.10000000E+01  -0.10000000E+01  -0.10000000E+01
  0.11988710E+03  -0.10000000E+01  -0.10000000E+01  -0.10000000E+01
  0.11990712E+03  -0.10000000E+01  -0.10000000E+01  -0.10000000E+01
  0.11992519E+03  -0.10000000E+01  -0.10000000E+01  -0.10000000E+01
  0.11994130E+03  -0.10000000E+01  -0.10000000E+01  -0.10000000E+01
  0.11995547E+03  -0.10000000E+01  -0.10000000E+01  -0.10000000E+01
  0.11996768E+03  -0.10000000E+01  -0.10000000E+01  -0.10000000E+01
  0.11997793E+03  -0.10000000E+01  -0.10000000E+01  -0.10000000E+01
  0.11998624E+03  -0.10000000E+01  -0.10000000E+01  -0.10000000E+01
  0.11999259E+03  -0.10000000E+01  -0.10000000E+01  -0.10000000E+01
  0.11999698E+03  -0.10000000E+01  -0.10000000E+01  -0.10000000E+01
  0.11999943E+03  -0.10000000E+01  -0.10000000E+01  -0.10000000E+01
